0 0.698911 0.603478 0.047170 0.059404
0 0.404861 0.540983 0.034933 0.067733
0 0.648324 0.749809 0.030803 0.053929
0 0.627920 0.311935 0.048343 0.064741
0 0.367892 0.460841 0.034064 0.091982
0 0.361744 0.748349 0.031324 0.060591
0 0.677066 0.474723 0.031073 0.085018
0 0.562434 0.759393 0.029940 0.058293
0 0.572353 0.260039 0.040315 0.070081
0 0.435651 0.323497 0.034087 0.074260
0 0.437781 0.763778 0.019024 0.043247
0 0.669037 0.825599 0.022455 0.047128
0 0.738741 0.799540 0.033371 0.053781
0 0.675430 0.690868 0.026509 0.038257
0 0.727826 0.524811 0.030876 0.076514
0 0.615394 0.231232 0.023703 0.048237
0 0.452439 0.276142 0.045846 0.059326
0 0.469592 0.262558 0.045846 0.047682
0 0.484094 0.221252 0.028693 0.068197
