0 0.474347 0.769043 0.030500 0.080285
0 0.415752 0.645287 0.033902 0.062310
0 0.404631 0.538409 0.034953 0.064775
0 0.436986 0.328186 0.035756 0.081183
0 0.480145 0.872910 0.034118 0.065335
0 0.368785 0.458980 0.032704 0.095576
0 0.732617 0.804383 0.031769 0.062759
0 0.627425 0.313311 0.047663 0.056920
0 0.752579 0.653079 0.032469 0.062492
0 0.648947 0.749392 0.030817 0.054899
0 0.408483 0.231486 0.028716 0.063573
0 0.573517 0.259569 0.040183 0.066606
0 0.702884 0.577336 0.030683 0.084510
0 0.474270 0.257014 0.041480 0.070969
0 0.486277 0.211272 0.031188 0.072633
0 0.619916 0.233727 0.022143 0.045465
0 0.752776 0.344062 0.022767 0.045465
0 0.716754 0.443308 0.028693 0.072078
0 0.674027 0.694195 0.033683 0.032712
0 0.666698 0.827262 0.029628 0.061544
0 0.377277 0.844450 0.026509 0.053781
