0 0.416193 0.645601 0.036128 0.063628
0 0.403948 0.539534 0.037347 0.065852
0 0.436345 0.329457 0.036195 0.085750
0 0.627369 0.312683 0.049636 0.056517
0 0.437533 0.764672 0.030807 0.061029
0 0.367796 0.461085 0.033886 0.090750
0 0.648686 0.749689 0.030488 0.054974
0 0.571926 0.259294 0.039976 0.066902
0 0.408779 0.232081 0.028540 0.062464
0 0.470840 0.255073 0.036490 0.050455
0 0.485810 0.211826 0.033371 0.067088
0 0.616330 0.225965 0.020584 0.053227
0 0.677614 0.478515 0.017777 0.092593
0 0.671688 0.687542 0.027757 0.048237
0 0.567209 0.759065 0.033371 0.039366
0 0.668725 0.825322 0.026198 0.055445
0 0.736090 0.802589 0.038673 0.067642
