0 0.436337 0.328365 0.036333 0.082915
0 0.415351 0.647443 0.033336 0.060418
0 0.404116 0.539410 0.034864 0.065243
0 0.624749 0.312967 0.048235 0.055867
0 0.367999 0.461326 0.033400 0.091479
0 0.437357 0.763508 0.030705 0.059599
0 0.751782 0.651536 0.032001 0.060824
0 0.648641 0.749076 0.030733 0.054744
0 0.572302 0.257630 0.039270 0.065107
0 0.407499 0.232287 0.030774 0.062683
0 0.734063 0.803144 0.029997 0.061717
0 0.563155 0.758012 0.029104 0.059657
0 0.473023 0.255905 0.047093 0.063207
0 0.487993 0.207945 0.041480 0.061544
0 0.717222 0.446080 0.031500 0.066534
0 0.754179 0.349606 0.023703 0.044356
0 0.678393 0.474634 0.018713 0.080395
0 0.673403 0.689759 0.031188 0.041583
0 0.670284 0.828371 0.027445 0.051564
0 0.614303 0.225410 0.024014 0.049900
