0 0.403978 0.540737 0.034810 0.067083
0 0.437398 0.328695 0.034539 0.084398
0 0.415590 0.644701 0.034662 0.065104
0 0.627463 0.312907 0.049758 0.055734
0 0.437758 0.765540 0.031220 0.061909
0 0.368169 0.461932 0.033367 0.092214
0 0.408048 0.232608 0.029992 0.063387
0 0.676187 0.480808 0.031793 0.098988
0 0.571802 0.258907 0.040335 0.066087
0 0.473646 0.252301 0.042727 0.061544
0 0.485654 0.212104 0.031811 0.083167
0 0.666386 0.827539 0.019648 0.048791
0 0.754179 0.649839 0.029316 0.040475
0 0.756830 0.349052 0.028381 0.049900
0 0.616330 0.226242 0.023079 0.057108
