0 0.363893 0.459169 0.031206 0.092167
0 0.745464 0.794885 0.039909 0.079166
0 0.403391 0.540343 0.037366 0.065917
0 0.712732 0.438601 0.045080 0.068022
0 0.618913 0.701297 0.065355 0.105859
0 0.677761 0.375832 0.029452 0.096702
0 0.397676 0.452830 0.026533 0.082984
0 0.395465 0.392994 0.042748 0.054158
0 0.472607 0.762491 0.040782 0.066387
0 0.677992 0.306516 0.042748 0.045423
0 0.707719 0.338400 0.034395 0.046296
0 0.707473 0.284679 0.041765 0.062893
0 0.700349 0.244497 0.032429 0.050664
0 0.734006 0.255416 0.025059 0.077743
