0 0.416777 0.645775 0.035776 0.063083
0 0.436557 0.328618 0.035735 0.084801
0 0.368093 0.460967 0.033582 0.092305
0 0.624671 0.313707 0.048942 0.056675
0 0.404707 0.541150 0.033557 0.067035
0 0.408048 0.231940 0.029975 0.063293
0 0.563472 0.758601 0.029502 0.058891
0 0.648860 0.749844 0.030881 0.053403
0 0.571681 0.258563 0.040068 0.065654
0 0.437681 0.763575 0.030995 0.058591
0 0.469436 0.254519 0.038673 0.050455
0 0.483626 0.209886 0.024014 0.070969
0 0.617889 0.224301 0.019960 0.039920
0 0.754335 0.345725 0.025886 0.048791
0 0.715039 0.439427 0.030876 0.064316
0 0.679641 0.476297 0.023703 0.082613
0 0.752464 0.640691 0.030876 0.047682
0 0.737962 0.802866 0.040544 0.055999
0 0.673091 0.687819 0.026198 0.043247
0 0.672468 0.830589 0.031811 0.057108
