0 0.608665 0.305580 0.038091 0.080088
0 0.402047 0.448808 0.037501 0.061045
0 0.351032 0.888040 0.035930 0.091321
0 0.468326 0.227534 0.039997 0.060574
0 0.627851 0.201968 0.054749 0.066633
0 0.703142 0.854582 0.032578 0.079083
0 0.442880 0.722310 0.034395 0.090846
0 0.675961 0.577357 0.046420 0.062025
0 0.407248 0.206577 0.033127 0.079684
0 0.733663 0.520049 0.040857 0.063141
0 0.542625 0.845038 0.034395 0.055031
0 0.479977 0.366352 0.039800 0.051537
0 0.488576 0.707460 0.037343 0.055905
0 0.475310 0.756377 0.031447 0.066387
0 0.567929 0.796558 0.036851 0.048917
0 0.618047 0.823637 0.035869 0.069881
0 0.632788 0.756377 0.024076 0.062893
0 0.659321 0.724930 0.047661 0.043676
