0 0.415584 0.645657 0.033405 0.061138
0 0.404504 0.539957 0.033598 0.065684
0 0.436939 0.329080 0.034863 0.084735
0 0.367952 0.461679 0.033519 0.092199
0 0.437178 0.764029 0.030703 0.060886
0 0.751643 0.651824 0.032172 0.060194
0 0.628448 0.311558 0.050414 0.064217
0 0.648859 0.749673 0.030422 0.054202
0 0.732898 0.803059 0.034016 0.060892
0 0.571793 0.258524 0.040056 0.067900
0 0.408251 0.233744 0.029231 0.062812
0 0.563107 0.759103 0.029838 0.057638
0 0.477233 0.891578 0.024950 0.061544
0 0.470684 0.255905 0.033059 0.053227
0 0.485186 0.214321 0.031500 0.068751
0 0.616954 0.225965 0.026198 0.048791
0 0.672624 0.692254 0.029628 0.046574
0 0.668569 0.828648 0.020896 0.053227
0 0.678393 0.475743 0.018713 0.081504
