0 0.404617 0.540931 0.034087 0.066202
0 0.744571 0.794925 0.038102 0.079225
0 0.403798 0.662000 0.044752 0.047244
0 0.664413 0.729480 0.031581 0.063258
0 0.712568 0.439301 0.046100 0.067994
0 0.403818 0.720126 0.032921 0.074249
0 0.419295 0.769916 0.062893 0.039308
0 0.448777 0.661600 0.024568 0.091719
0 0.370160 0.458945 0.031447 0.091719
0 0.606501 0.742400 0.051101 0.048917
0 0.673570 0.687369 0.045696 0.045423
0 0.684871 0.367226 0.032921 0.091719
0 0.678975 0.307827 0.035869 0.025332
0 0.701332 0.252795 0.023585 0.079490
0 0.708456 0.340584 0.047661 0.052411
0 0.735726 0.260220 0.036360 0.089099
