0 0.732540 0.864535 0.033800 0.094701
0 0.411434 0.318746 0.027516 0.069881
0 0.399150 0.631901 0.021619 0.058526
0 0.409273 0.174288 0.036257 0.090797
0 0.762206 0.707459 0.033126 0.073627
0 0.713662 0.519999 0.030849 0.074960
0 0.676264 0.657640 0.049153 0.064699
0 0.440178 0.206936 0.028007 0.083857
0 0.463271 0.206936 0.022111 0.064640
0 0.438212 0.313068 0.027024 0.069008
0 0.456638 0.283368 0.037343 0.062020
0 0.580950 0.351939 0.041274 0.064640
0 0.701086 0.363732 0.028007 0.075996
0 0.679958 0.724057 0.035869 0.059399
0 0.702806 0.768169 0.029481 0.058526
0 0.682415 0.828878 0.030955 0.073375
0 0.404309 0.676450 0.015232 0.062020
0 0.428385 0.679507 0.025059 0.085604
