0 0.699286 0.603121 0.047606 0.058794
0 0.627963 0.311557 0.049360 0.063974
0 0.368260 0.461527 0.033121 0.092534
0 0.402240 0.538126 0.037085 0.063364
0 0.571704 0.258848 0.039962 0.068282
0 0.437871 0.764746 0.031455 0.060370
0 0.729058 0.521921 0.036206 0.075175
0 0.378517 0.847933 0.032595 0.059739
0 0.437781 0.325488 0.026509 0.079286
0 0.451503 0.271152 0.040856 0.052672
0 0.473646 0.263390 0.037737 0.054890
0 0.618825 0.226519 0.023079 0.042138
0 0.678237 0.468535 0.020896 0.085939
0 0.697574 0.431942 0.029004 0.063761
0 0.564714 0.756293 0.021519 0.038257
0 0.734999 0.809797 0.024014 0.053227
