0 0.434581 0.334276 0.035133 0.082296
0 0.737628 0.808397 0.031139 0.066678
0 0.417295 0.646199 0.034791 0.062962
0 0.369554 0.461118 0.031662 0.089255
0 0.480225 0.874843 0.034008 0.066206
0 0.475374 0.769932 0.031225 0.079814
0 0.404954 0.539958 0.035388 0.066048
0 0.588983 0.802760 0.038824 0.064876
0 0.702863 0.577889 0.030911 0.087211
0 0.649477 0.750137 0.031330 0.052898
0 0.408716 0.233250 0.028850 0.063560
0 0.379162 0.848439 0.030614 0.059469
0 0.574397 0.264541 0.042948 0.067919
0 0.752432 0.657054 0.031482 0.060890
0 0.472087 0.251469 0.032747 0.062098
0 0.488149 0.215430 0.033683 0.082058
0 0.619293 0.233727 0.027133 0.051009
0 0.627246 0.313013 0.051771 0.043247
0 0.753867 0.348497 0.026198 0.051009
0 0.719249 0.444139 0.038049 0.069306
0 0.673715 0.693363 0.026198 0.045465
0 0.669037 0.836965 0.024326 0.065425
