0 0.721639 0.257749 0.033389 0.078895
0 0.370074 0.349549 0.043638 0.078486
0 0.724112 0.473411 0.049713 0.078666
0 0.370590 0.739872 0.031322 0.073386
0 0.468676 0.265898 0.041765 0.048043
0 0.421613 0.800232 0.043725 0.053675
0 0.496192 0.797869 0.028007 0.067261
0 0.744664 0.798013 0.036162 0.068543
0 0.601551 0.736674 0.037031 0.062836
0 0.692542 0.689767 0.040822 0.059503
0 0.421069 0.437032 0.044831 0.070258
0 0.407899 0.675703 0.041219 0.066882
0 0.463506 0.155989 0.049638 0.064060
0 0.498878 0.319906 0.038267 0.066389
0 0.640689 0.753208 0.039312 0.077795
0 0.491770 0.233141 0.040782 0.045423
0 0.560805 0.320493 0.028498 0.094340
0 0.653425 0.166754 0.025059 0.090846
0 0.512161 0.762928 0.023585 0.082984
0 0.536237 0.786513 0.032429 0.046296
0 0.532306 0.831062 0.030464 0.065514
