0 0.710535 0.099365 0.039116 0.072476
0 0.700217 0.603405 0.046657 0.059424
0 0.400995 0.671134 0.031700 0.066277
0 0.404852 0.540799 0.035844 0.066566
0 0.699902 0.219418 0.040697 0.082881
0 0.368716 0.461672 0.032266 0.092675
0 0.572819 0.259596 0.041281 0.068002
0 0.728449 0.523437 0.032469 0.074560
0 0.744915 0.799128 0.039706 0.078948
0 0.356826 0.726843 0.040958 0.066895
0 0.438560 0.322161 0.021831 0.073741
0 0.448696 0.268103 0.042727 0.057662
0 0.469436 0.262558 0.047405 0.059880
0 0.436689 0.748253 0.041791 0.053227
0 0.670596 0.716373 0.033683 0.052672
0 0.673871 0.686155 0.042103 0.035485
0 0.724395 0.407823 0.038985 0.058771
0 0.696950 0.432773 0.032123 0.057662
0 0.542883 0.784570 0.043975 0.048237
