0 0.416645 0.644994 0.035960 0.064419
0 0.627698 0.313108 0.049775 0.056367
0 0.404364 0.540489 0.035946 0.066781
0 0.436552 0.328863 0.035921 0.082453
0 0.368421 0.461502 0.032949 0.090798
0 0.649251 0.749301 0.031140 0.054408
0 0.571833 0.259206 0.039665 0.066635
0 0.733182 0.802872 0.030161 0.059632
0 0.408495 0.232431 0.029279 0.062575
0 0.563391 0.759887 0.029115 0.058591
0 0.437608 0.765308 0.030605 0.059736
0 0.381643 0.844173 0.023391 0.053227
0 0.471463 0.252301 0.034618 0.072633
0 0.484874 0.211549 0.029628 0.073187
0 0.616174 0.229846 0.023391 0.054336
0 0.673871 0.691423 0.030876 0.049346
0 0.667166 0.833084 0.023079 0.057662
