0 0.700138 0.603303 0.049290 0.059413
0 0.404986 0.541161 0.033983 0.067391
0 0.368039 0.461395 0.034097 0.091567
0 0.571986 0.258036 0.042083 0.068013
0 0.625099 0.312350 0.049620 0.055170
0 0.435443 0.316494 0.035657 0.089854
0 0.727712 0.521951 0.036149 0.074500
0 0.400356 0.668690 0.025886 0.063761
0 0.667789 0.829203 0.028693 0.046574
0 0.669973 0.719422 0.036178 0.045465
0 0.672468 0.682829 0.039920 0.032158
0 0.735311 0.812847 0.031500 0.057108
0 0.696950 0.432219 0.030252 0.068751
0 0.679329 0.470476 0.019960 0.089820
0 0.451971 0.274202 0.043039 0.060989
0 0.471931 0.260618 0.041791 0.048237
