0 0.699910 0.603409 0.049825 0.059213
0 0.404654 0.540992 0.034453 0.066849
0 0.367710 0.461817 0.034250 0.093979
0 0.625989 0.312304 0.050414 0.054588
0 0.727947 0.521248 0.035942 0.072028
0 0.571893 0.257809 0.039854 0.066063
0 0.732652 0.803845 0.032922 0.062119
0 0.439184 0.324379 0.025574 0.075959
0 0.450412 0.269212 0.039296 0.051009
0 0.471307 0.262004 0.040544 0.052118
0 0.697574 0.434714 0.024014 0.064870
0 0.677614 0.466872 0.023391 0.091484
0 0.672468 0.717204 0.030564 0.055445
0 0.673871 0.683660 0.040856 0.038257
0 0.668101 0.830866 0.024326 0.056554
0 0.401603 0.660928 0.023391 0.061544
