0 0.415481 0.647239 0.032761 0.059726
0 0.407635 0.233779 0.030161 0.062951
0 0.404878 0.540757 0.034416 0.066687
0 0.436491 0.330465 0.035644 0.082391
0 0.752379 0.650346 0.032299 0.059019
0 0.626257 0.311499 0.050432 0.063757
0 0.481030 0.872961 0.032590 0.063779
0 0.368094 0.461490 0.033702 0.091802
0 0.648968 0.750682 0.031085 0.052018
0 0.571673 0.259174 0.040450 0.067313
0 0.735090 0.803715 0.029457 0.062179
0 0.562499 0.759424 0.030379 0.059649
0 0.672414 0.688525 0.031744 0.050268
0 0.470840 0.253133 0.035242 0.056554
0 0.483782 0.211549 0.025574 0.068751
0 0.620228 0.230123 0.029004 0.054890
0 0.669193 0.828371 0.025262 0.049346
