0 0.734820 0.804192 0.032042 0.061024
0 0.417252 0.644057 0.035489 0.062225
0 0.474998 0.768593 0.030886 0.078085
0 0.369290 0.460710 0.031843 0.090178
0 0.437660 0.328796 0.034825 0.082362
0 0.480916 0.873348 0.032694 0.063735
0 0.404877 0.539430 0.034081 0.065422
0 0.408521 0.232015 0.029252 0.063256
0 0.627268 0.312992 0.049767 0.056555
0 0.649076 0.750802 0.031481 0.052790
0 0.575348 0.259018 0.037233 0.066517
0 0.752047 0.655439 0.032370 0.059351
0 0.378680 0.848331 0.019336 0.043801
0 0.668725 0.832807 0.028693 0.061544
0 0.675119 0.691145 0.028381 0.044356
0 0.704435 0.572771 0.029004 0.079286
0 0.713479 0.445526 0.027757 0.070969
0 0.755583 0.349329 0.022767 0.051564
0 0.617577 0.228737 0.022455 0.048791
0 0.489552 0.212658 0.040232 0.075405
0 0.474114 0.255628 0.041168 0.062652
