0 0.671611 0.314935 0.042381 0.060424
0 0.481812 0.212366 0.043332 0.066382
0 0.704585 0.855869 0.034705 0.091642
0 0.659927 0.188004 0.047820 0.067517
0 0.413526 0.432963 0.035427 0.067890
0 0.546783 0.780662 0.043572 0.065095
0 0.393315 0.621093 0.030341 0.067911
0 0.618047 0.822918 0.032921 0.067826
0 0.636746 0.261028 0.035152 0.106823
0 0.583217 0.346231 0.038908 0.065938
0 0.471584 0.782845 0.048726 0.071102
0 0.683173 0.577968 0.045482 0.069986
0 0.493244 0.355433 0.044713 0.048917
0 0.409468 0.669462 0.024568 0.062020
0 0.427894 0.678634 0.027024 0.076869
0 0.511670 0.819270 0.037343 0.057652
0 0.635736 0.756377 0.030955 0.069881
0 0.746782 0.522275 0.035869 0.057652
