0 0.417787 0.646525 0.034469 0.062590
0 0.435772 0.333737 0.035202 0.082304
0 0.408544 0.233543 0.029320 0.063192
0 0.405099 0.539939 0.034616 0.065263
0 0.481534 0.874528 0.032098 0.065222
0 0.475511 0.769867 0.031477 0.080446
0 0.379434 0.848953 0.030628 0.059781
0 0.369870 0.461919 0.031574 0.090889
0 0.737808 0.807051 0.030303 0.064285
0 0.753703 0.658130 0.033242 0.059912
0 0.574234 0.264956 0.042608 0.066506
0 0.473491 0.254519 0.036801 0.061544
0 0.487837 0.209609 0.027445 0.065979
0 0.618669 0.232064 0.027133 0.048791
0 0.630676 0.313290 0.050524 0.048237
0 0.755271 0.351824 0.022767 0.047682
0 0.715039 0.441367 0.026509 0.067088
0 0.704747 0.576929 0.025886 0.080949
0 0.674495 0.697244 0.029628 0.047682
0 0.650480 0.745204 0.026509 0.051564
0 0.595590 0.796213 0.038985 0.053781
