0 0.404359 0.539420 0.033899 0.064943
0 0.417124 0.646090 0.034996 0.062380
0 0.436211 0.329162 0.035292 0.083126
0 0.627595 0.312379 0.050658 0.054981
0 0.474655 0.769031 0.031022 0.078592
0 0.367525 0.461331 0.034125 0.091718
0 0.752592 0.651916 0.032590 0.061469
0 0.481173 0.873391 0.032186 0.063895
0 0.734052 0.803755 0.030243 0.062078
0 0.648666 0.750243 0.030922 0.052957
0 0.571934 0.258569 0.039794 0.065071
0 0.407956 0.232598 0.029675 0.059731
0 0.702636 0.574757 0.031070 0.086877
0 0.473023 0.255905 0.033995 0.056554
0 0.484250 0.210163 0.029628 0.065979
0 0.619293 0.227905 0.027757 0.054890
0 0.713791 0.445526 0.027757 0.082058
0 0.751840 0.344894 0.031500 0.048237
0 0.673559 0.691145 0.030252 0.045465
0 0.669505 0.830589 0.024638 0.052672
0 0.379304 0.846113 0.027445 0.050455
