0 0.671829 0.315191 0.041495 0.061029
0 0.659501 0.187019 0.048610 0.064159
0 0.481361 0.211769 0.040717 0.066730
0 0.391442 0.626638 0.026225 0.076040
0 0.705433 0.854754 0.035197 0.089049
0 0.546726 0.781157 0.043152 0.065501
0 0.414590 0.432441 0.034341 0.067330
0 0.620709 0.826765 0.043508 0.076660
0 0.638193 0.759871 0.026042 0.052411
0 0.638207 0.261513 0.036121 0.110378
0 0.514063 0.821596 0.047044 0.044834
0 0.683089 0.577265 0.045411 0.068641
0 0.583934 0.347599 0.039622 0.066517
0 0.743678 0.526882 0.047558 0.066055
0 0.408731 0.674266 0.019163 0.069881
0 0.427648 0.681254 0.024568 0.087352
0 0.492507 0.354560 0.039308 0.054158
0 0.473590 0.781709 0.043730 0.057652
