0 0.415470 0.647089 0.033339 0.062708
0 0.436691 0.327983 0.035385 0.082505
0 0.404068 0.539838 0.034462 0.065749
0 0.736160 0.803933 0.031635 0.063104
0 0.752173 0.650485 0.032379 0.060001
0 0.366670 0.461685 0.033392 0.092229
0 0.481140 0.870679 0.033014 0.060178
0 0.407995 0.233754 0.029533 0.062679
0 0.648849 0.749158 0.030316 0.055178
0 0.561228 0.757994 0.030511 0.060759
0 0.624823 0.312237 0.048473 0.066318
0 0.571653 0.259072 0.040228 0.066864
0 0.471307 0.256459 0.033059 0.056554
0 0.484718 0.210995 0.030564 0.069860
0 0.617265 0.227905 0.021831 0.052672
0 0.754647 0.346280 0.019648 0.042138
0 0.672468 0.692532 0.029940 0.039366
0 0.669817 0.829757 0.023391 0.058771
