0 0.480994 0.808893 0.033938 0.070534
0 0.664394 0.762502 0.032566 0.071535
0 0.478406 0.256592 0.032631 0.097654
0 0.631740 0.250623 0.043308 0.070874
0 0.370809 0.739446 0.031386 0.075673
0 0.720043 0.846442 0.031375 0.083384
0 0.715384 0.254652 0.034150 0.088847
0 0.696742 0.652594 0.038660 0.057321
0 0.538367 0.858005 0.031325 0.078065
0 0.407733 0.674168 0.044151 0.068795
0 0.583697 0.808056 0.032419 0.071173
0 0.752829 0.509875 0.047482 0.066473
0 0.654999 0.848888 0.054838 0.066009
0 0.418804 0.431429 0.038325 0.048917
0 0.694207 0.564640 0.039800 0.063767
0 0.502580 0.315252 0.030955 0.071628
0 0.556383 0.687369 0.031447 0.057652
0 0.694453 0.695667 0.031447 0.060273
