0 0.415981 0.646549 0.032957 0.060759
0 0.437574 0.328292 0.033731 0.082006
0 0.649052 0.749044 0.031082 0.055521
0 0.367379 0.461999 0.034504 0.092826
0 0.404432 0.539631 0.035003 0.066141
0 0.628003 0.311632 0.049139 0.064377
0 0.571026 0.258511 0.040405 0.069540
0 0.472399 0.255073 0.036490 0.049346
0 0.483626 0.210717 0.024638 0.059326
0 0.408776 0.230955 0.023391 0.046574
0 0.617110 0.232341 0.020272 0.041583
0 0.753244 0.345171 0.023079 0.053227
0 0.716598 0.438872 0.029004 0.065425
0 0.672468 0.688928 0.028693 0.046574
0 0.735778 0.806748 0.035554 0.063761
0 0.667945 0.828648 0.020896 0.051009
0 0.563779 0.755461 0.025886 0.048791
