0 0.415647 0.646700 0.033291 0.060393
0 0.436377 0.329676 0.036414 0.085435
0 0.735186 0.804135 0.030716 0.061741
0 0.404625 0.539659 0.035210 0.065056
0 0.407823 0.233762 0.030114 0.063576
0 0.480336 0.873217 0.033465 0.064029
0 0.751801 0.649932 0.031730 0.058323
0 0.367681 0.461489 0.033782 0.090502
0 0.572146 0.257376 0.040330 0.067052
0 0.649472 0.749376 0.031273 0.055212
0 0.625351 0.311980 0.048015 0.064886
0 0.563090 0.760101 0.029482 0.058876
0 0.472555 0.253410 0.036178 0.054890
0 0.485810 0.212381 0.035242 0.070415
0 0.617110 0.226519 0.029004 0.043247
0 0.753711 0.346557 0.025886 0.051564
0 0.715195 0.438872 0.025574 0.059880
0 0.678393 0.474080 0.019960 0.088157
0 0.674495 0.690591 0.029628 0.039920
0 0.668257 0.833084 0.023391 0.058771
0 0.439496 0.766273 0.026198 0.055999
