0 0.700724 0.603320 0.049056 0.059054
0 0.437613 0.765229 0.031388 0.061654
0 0.368551 0.461279 0.032918 0.091804
0 0.404596 0.538630 0.033867 0.063065
0 0.629404 0.311361 0.046356 0.064341
0 0.572228 0.257820 0.039446 0.065485
0 0.563247 0.759091 0.029498 0.058891
0 0.728417 0.522067 0.037319 0.075358
0 0.436689 0.319112 0.026198 0.069860
0 0.449944 0.273370 0.036490 0.055999
0 0.472087 0.262281 0.041480 0.047128
0 0.618201 0.228737 0.024950 0.042138
0 0.695858 0.430001 0.028069 0.078731
0 0.675898 0.467981 0.019960 0.088157
0 0.378368 0.845559 0.025574 0.044910
0 0.736402 0.802589 0.023703 0.051009
