0 0.699926 0.603457 0.047447 0.059002
0 0.404605 0.540707 0.036432 0.066808
0 0.368184 0.460395 0.033052 0.091089
0 0.625884 0.312807 0.050983 0.055823
0 0.571908 0.258982 0.040216 0.067960
0 0.437239 0.766303 0.031371 0.060509
0 0.729186 0.521807 0.036248 0.073708
0 0.563073 0.760759 0.029064 0.058286
0 0.438093 0.322161 0.022767 0.073741
0 0.452439 0.275865 0.041480 0.054336
0 0.470372 0.264499 0.042415 0.054890
0 0.697106 0.431387 0.033059 0.060435
0 0.677302 0.467703 0.019024 0.083167
0 0.675119 0.681997 0.045846 0.034930
0 0.735623 0.805084 0.025886 0.057108
