0 0.416974 0.645526 0.035203 0.063835
0 0.437114 0.329158 0.034393 0.079978
0 0.404578 0.540525 0.033826 0.065689
0 0.367963 0.460266 0.033954 0.089857
0 0.648976 0.749642 0.031265 0.054277
0 0.628070 0.311867 0.051145 0.064488
0 0.408330 0.232575 0.029412 0.064042
0 0.571530 0.258959 0.039936 0.065304
0 0.665797 0.832384 0.030221 0.065172
0 0.470372 0.253687 0.040544 0.055445
0 0.483315 0.212104 0.024638 0.064316
0 0.616330 0.230123 0.022455 0.052672
0 0.754023 0.344339 0.027757 0.049346
0 0.716910 0.442476 0.030252 0.067088
0 0.671844 0.692254 0.027445 0.046574
0 0.738897 0.806470 0.034930 0.060989
0 0.565182 0.756570 0.021831 0.049900
