0 0.699153 0.603364 0.047386 0.059434
0 0.367717 0.460874 0.034329 0.091148
0 0.628464 0.311916 0.048726 0.064685
0 0.572025 0.259029 0.039586 0.066467
0 0.437551 0.764370 0.030748 0.059940
0 0.435449 0.320947 0.033375 0.078724
0 0.452595 0.274202 0.044910 0.048791
0 0.472867 0.263667 0.039920 0.051009
0 0.614770 0.227905 0.026198 0.052672
0 0.694299 0.070165 0.045534 0.064316
0 0.676678 0.463822 0.017153 0.074296
0 0.700692 0.439149 0.037737 0.062652
0 0.725331 0.520376 0.032747 0.068751
0 0.564558 0.754352 0.024950 0.047682
0 0.734843 0.800094 0.029316 0.064870
0 0.379928 0.844450 0.028069 0.057108
0 0.400979 0.535900 0.040856 0.057662
