0 0.700016 0.603235 0.048869 0.058945
0 0.403595 0.541016 0.035771 0.066560
0 0.670836 0.707666 0.045261 0.093041
0 0.368215 0.460895 0.033235 0.090159
0 0.729095 0.521954 0.035747 0.074335
0 0.571566 0.258727 0.039700 0.067137
0 0.438249 0.323547 0.026821 0.087603
0 0.449476 0.271984 0.038673 0.064316
0 0.471931 0.258677 0.044286 0.048791
0 0.625998 0.312458 0.046158 0.057662
0 0.694767 0.430833 0.030252 0.069306
0 0.676522 0.463822 0.020584 0.082058
0 0.670128 0.828371 0.024638 0.057108
0 0.735934 0.802589 0.033371 0.049900
