0 0.700329 0.603354 0.049532 0.059093
0 0.401474 0.671304 0.031884 0.071739
0 0.404213 0.540199 0.034872 0.066885
0 0.367677 0.460761 0.033899 0.092321
0 0.572513 0.257336 0.040183 0.067901
0 0.456397 0.268415 0.078271 0.073599
0 0.434876 0.313487 0.035167 0.101072
0 0.729098 0.522404 0.036002 0.076099
0 0.436533 0.753521 0.040856 0.053781
0 0.378836 0.846668 0.024014 0.053781
0 0.542259 0.783738 0.042103 0.045465
0 0.735778 0.804253 0.033059 0.059880
0 0.671220 0.717759 0.033683 0.054336
0 0.675430 0.684215 0.043351 0.037148
0 0.695235 0.430556 0.031188 0.060989
0 0.677614 0.469367 0.019024 0.084276
0 0.640812 0.301647 0.023391 0.049346
