0 0.415686 0.645609 0.033804 0.061889
0 0.437278 0.327479 0.034215 0.079935
0 0.480029 0.871365 0.034307 0.062232
0 0.404477 0.540406 0.034414 0.067172
0 0.733111 0.803259 0.032237 0.060701
0 0.367763 0.462244 0.034185 0.092724
0 0.648663 0.748035 0.030507 0.056303
0 0.751945 0.651487 0.032178 0.061380
0 0.624981 0.312414 0.046552 0.054401
0 0.571907 0.258556 0.040489 0.065872
0 0.408946 0.233203 0.028396 0.062875
0 0.472087 0.259786 0.037113 0.059880
0 0.483315 0.210440 0.024014 0.064316
0 0.615394 0.229569 0.023079 0.048237
0 0.714571 0.437763 0.029316 0.073187
0 0.673403 0.690868 0.020584 0.047128
0 0.668569 0.830866 0.022767 0.062098
0 0.564714 0.758511 0.035866 0.053781
