0 0.721702 0.259315 0.034787 0.081835
0 0.370006 0.350465 0.043710 0.078979
0 0.723315 0.470532 0.045324 0.075476
0 0.490901 0.800926 0.025813 0.061146
0 0.370097 0.740739 0.032042 0.073754
0 0.464317 0.272811 0.037709 0.058375
0 0.601468 0.736526 0.036675 0.062532
0 0.422331 0.800186 0.044161 0.054232
0 0.744666 0.794269 0.036946 0.078949
0 0.692853 0.688844 0.042975 0.059130
0 0.420824 0.435935 0.042794 0.066067
0 0.408409 0.675932 0.041852 0.067013
0 0.499379 0.318764 0.037481 0.065393
0 0.640974 0.753371 0.039316 0.084108
0 0.463019 0.156010 0.050863 0.063707
0 0.492261 0.230521 0.041765 0.047170
0 0.557857 0.323987 0.020637 0.090846
0 0.651214 0.166317 0.025550 0.088225
0 0.512652 0.763365 0.019654 0.082110
0 0.537466 0.786076 0.042748 0.043676
0 0.534272 0.827131 0.032429 0.052411
