0 0.404302 0.540548 0.035538 0.066578
0 0.415749 0.646333 0.033315 0.061174
0 0.437035 0.328558 0.034452 0.082495
0 0.648917 0.750243 0.030744 0.053332
0 0.480711 0.872722 0.033238 0.063749
0 0.625342 0.313208 0.048135 0.056294
0 0.367523 0.461751 0.033858 0.093148
0 0.751912 0.649898 0.031624 0.058223
0 0.408079 0.233226 0.030033 0.063066
0 0.571803 0.258295 0.040778 0.066602
0 0.733660 0.802582 0.031392 0.060090
0 0.562245 0.757574 0.029778 0.058191
0 0.377277 0.847777 0.023391 0.047128
0 0.474114 0.257568 0.041168 0.056554
0 0.483782 0.209331 0.034306 0.058771
0 0.615706 0.227905 0.023079 0.057108
0 0.714727 0.439704 0.027133 0.052672
0 0.673715 0.689205 0.023703 0.034930
0 0.666386 0.830034 0.034618 0.052672
