0 0.698416 0.601036 0.042150 0.068542
0 0.628397 0.310824 0.049624 0.063351
0 0.367598 0.461803 0.034383 0.092750
0 0.437937 0.765347 0.031324 0.061268
0 0.729056 0.522374 0.036682 0.074675
0 0.571954 0.259215 0.039905 0.067327
0 0.562835 0.759486 0.029479 0.057502
0 0.439496 0.320498 0.023079 0.075959
0 0.402227 0.539504 0.038985 0.053781
0 0.380863 0.850826 0.018089 0.051009
0 0.675119 0.464931 0.022143 0.073187
0 0.697574 0.433882 0.028381 0.056554
0 0.614303 0.225965 0.022143 0.046574
0 0.452283 0.270043 0.041791 0.052672
0 0.475206 0.261449 0.045846 0.048791
