0 0.416937 0.645064 0.035513 0.064223
0 0.436323 0.328843 0.035927 0.084379
0 0.403875 0.540606 0.035063 0.067016
0 0.735753 0.804603 0.031109 0.062944
0 0.752263 0.649861 0.031672 0.058528
0 0.627736 0.311223 0.049150 0.063458
0 0.408208 0.233233 0.029604 0.063069
0 0.367425 0.461483 0.033712 0.091832
0 0.649097 0.749181 0.030707 0.053929
0 0.571930 0.259326 0.039466 0.065056
0 0.472243 0.251747 0.033683 0.055999
0 0.483315 0.212381 0.025886 0.067088
0 0.615550 0.230123 0.019648 0.048237
0 0.753867 0.344062 0.024950 0.051009
0 0.715818 0.440536 0.030564 0.069860
0 0.705682 0.577761 0.023391 0.093701
0 0.672624 0.689205 0.029004 0.034930
0 0.563779 0.756293 0.025886 0.038257
0 0.667945 0.828371 0.027757 0.057108
