0 0.416582 0.646052 0.035415 0.063391
0 0.403879 0.540322 0.037150 0.066160
0 0.436465 0.328706 0.035737 0.082098
0 0.752305 0.649499 0.031664 0.057632
0 0.648781 0.749116 0.030426 0.055401
0 0.733239 0.802695 0.031883 0.060190
0 0.368066 0.461031 0.033612 0.090307
0 0.571665 0.258696 0.040263 0.064958
0 0.408645 0.232647 0.028632 0.063650
0 0.628969 0.311336 0.047588 0.063842
0 0.475674 0.255905 0.040544 0.055445
0 0.484094 0.209054 0.028693 0.068197
0 0.616954 0.231232 0.021208 0.049346
0 0.714259 0.442199 0.028069 0.066534
0 0.754647 0.345725 0.030252 0.052118
0 0.703031 0.574712 0.032435 0.087603
0 0.672779 0.689759 0.031811 0.043801
0 0.667478 0.828648 0.021208 0.051009
0 0.563779 0.756847 0.025262 0.043801
