0 0.435830 0.333374 0.035625 0.082445
0 0.480581 0.872964 0.033359 0.063854
0 0.488502 0.213530 0.035230 0.070668
0 0.417453 0.646713 0.034773 0.062351
0 0.475356 0.767952 0.030955 0.077456
0 0.405382 0.540226 0.035211 0.066359
0 0.736172 0.805515 0.032084 0.064125
0 0.408845 0.232741 0.028723 0.064178
0 0.368943 0.461926 0.032766 0.090982
0 0.753795 0.657182 0.033480 0.061390
0 0.703463 0.581855 0.031536 0.091923
0 0.379109 0.848930 0.031266 0.060315
0 0.649251 0.751769 0.030504 0.052351
0 0.627602 0.313577 0.049632 0.058233
0 0.574509 0.264891 0.043020 0.067390
0 0.714909 0.451962 0.031672 0.071648
0 0.595305 0.799825 0.046098 0.058670
0 0.673681 0.697613 0.031438 0.051379
0 0.754320 0.349208 0.032584 0.060919
0 0.619767 0.231394 0.022602 0.043676
0 0.475801 0.258036 0.037343 0.069008
