0 0.698654 0.602531 0.046800 0.058058
0 0.367625 0.461816 0.034280 0.092690
0 0.626105 0.311515 0.050835 0.063958
0 0.437858 0.764901 0.031325 0.060741
0 0.571896 0.257447 0.039445 0.066751
0 0.404202 0.539734 0.034498 0.066737
0 0.729014 0.523351 0.036691 0.078270
0 0.563298 0.759131 0.030036 0.057695
0 0.378212 0.841678 0.028381 0.060435
0 0.438560 0.323270 0.033059 0.078177
0 0.449788 0.270320 0.040544 0.058771
0 0.473023 0.262558 0.045222 0.052118
0 0.617265 0.231786 0.026198 0.043801
0 0.696794 0.430833 0.034306 0.061544
0 0.677925 0.468535 0.026509 0.081504
0 0.737494 0.807302 0.017153 0.047128
