0 0.415624 0.647358 0.033614 0.062327
0 0.436588 0.328434 0.035178 0.081376
0 0.474948 0.769259 0.030940 0.079886
0 0.752462 0.649777 0.032609 0.058179
0 0.404281 0.540007 0.035763 0.066142
0 0.367383 0.461564 0.034179 0.092152
0 0.627643 0.311694 0.050488 0.064135
0 0.649131 0.749455 0.030427 0.054117
0 0.734398 0.803306 0.030371 0.061952
0 0.570857 0.260101 0.040862 0.068104
0 0.408185 0.232677 0.029539 0.063740
0 0.473491 0.258677 0.038049 0.063207
0 0.482847 0.209054 0.028069 0.060435
0 0.715506 0.441090 0.031811 0.073187
0 0.752620 0.346002 0.018713 0.042692
0 0.616798 0.227351 0.023391 0.055999
0 0.703187 0.571108 0.020896 0.084830
0 0.674183 0.693086 0.026509 0.046019
0 0.666386 0.828094 0.026509 0.056554
