0 0.480929 0.351990 0.040039 0.055277
0 0.382227 0.137890 0.037076 0.058542
0 0.254421 0.068190 0.033687 0.098005
0 0.211278 0.362589 0.046213 0.051900
0 0.215092 0.835590 0.043417 0.056416
0 0.505631 0.185749 0.025129 0.056796
0 0.580504 0.415761 0.036084 0.073217
0 0.401156 0.356839 0.029176 0.075223
0 0.566210 0.141422 0.032429 0.045423
0 0.637210 0.853774 0.045696 0.055031
0 0.152491 0.877795 0.035377 0.043676
0 0.128906 0.774720 0.034395 0.043676
0 0.223737 0.973445 0.040291 0.037561
0 0.261326 0.977948 0.040782 0.041326
0 0.484879 0.943100 0.023522 0.084827
