0 0.481455 0.352161 0.040631 0.055069
0 0.254323 0.069371 0.033890 0.096648
0 0.381526 0.137551 0.037860 0.058187
0 0.211595 0.362376 0.045763 0.049635
0 0.249490 0.730108 0.044792 0.053649
0 0.259484 0.669717 0.044616 0.049937
0 0.580657 0.415550 0.035293 0.070843
0 0.401185 0.357646 0.028734 0.072580
0 0.506517 0.184637 0.025396 0.056656
0 0.458217 0.918760 0.041035 0.058716
0 0.570878 0.144916 0.034886 0.057652
0 0.631068 0.850716 0.051101 0.062893
0 0.225457 0.977075 0.051592 0.043073
0 0.266731 0.976201 0.045696 0.044820
