0 0.480550 0.351803 0.042356 0.060019
0 0.382476 0.136510 0.035537 0.060029
0 0.490181 0.824228 0.033650 0.080298
0 0.351326 0.215272 0.041449 0.083054
0 0.463622 0.933921 0.027007 0.077434
0 0.128776 0.770101 0.045052 0.065332
0 0.580808 0.415455 0.038181 0.076846
0 0.567356 0.142658 0.039428 0.057197
0 0.399691 0.790271 0.034753 0.087003
0 0.213349 0.362270 0.041620 0.053496
0 0.215271 0.834708 0.044329 0.055316
0 0.232554 0.974760 0.064741 0.047702
0 0.516742 0.099945 0.026334 0.063753
0 0.152501 0.872880 0.036454 0.047168
0 0.258356 0.974041 0.041359 0.049141
0 0.483365 0.932783 0.028598 0.070867
