0 0.501448 0.120786 0.040844 0.060650
0 0.379916 0.137806 0.035847 0.057933
0 0.210713 0.364263 0.044626 0.048199
0 0.153759 0.878831 0.037820 0.049620
0 0.251590 0.735674 0.046884 0.059827
0 0.260342 0.672365 0.043883 0.051787
0 0.564877 0.322145 0.043896 0.082055
0 0.399937 0.357538 0.028828 0.071119
0 0.250762 0.068484 0.028498 0.084731
0 0.638684 0.343204 0.024076 0.068134
0 0.201135 0.539745 0.059945 0.052411
0 0.137996 0.711391 0.028007 0.072502
0 0.136768 0.790007 0.034395 0.072502
0 0.609940 0.858578 0.043239 0.069881
