0 0.480249 0.352107 0.040499 0.055322
0 0.381114 0.137972 0.036459 0.058151
0 0.382567 0.856179 0.044461 0.059443
0 0.211188 0.363577 0.043987 0.046464
0 0.249999 0.734923 0.044925 0.059203
0 0.579081 0.417629 0.038080 0.082724
0 0.152156 0.877292 0.038435 0.048406
0 0.261589 0.672424 0.045920 0.051382
0 0.458708 0.919527 0.041269 0.059218
0 0.400978 0.356925 0.030628 0.073138
0 0.254692 0.069794 0.021619 0.080363
0 0.569158 0.145353 0.045204 0.055031
0 0.201626 0.536688 0.055031 0.053284
0 0.140944 0.709207 0.026042 0.064640
0 0.135294 0.783892 0.032429 0.067261
0 0.458112 0.758560 0.022602 0.063767
