0 0.308578 0.132758 0.041904 0.080596
0 0.460690 0.849004 0.045443 0.056049
0 0.227722 0.281255 0.046883 0.068115
0 0.364202 0.064676 0.034248 0.076275
0 0.385355 0.181668 0.033027 0.084707
0 0.481203 0.352375 0.040568 0.057333
0 0.580441 0.414625 0.037486 0.074162
0 0.163246 0.241671 0.047586 0.073160
0 0.374605 0.840033 0.045801 0.056167
0 0.414903 0.130531 0.027645 0.069212
0 0.449604 0.285911 0.046097 0.057191
0 0.178410 0.838246 0.038810 0.067710
0 0.225705 0.976113 0.051163 0.044996
0 0.259439 0.974926 0.042366 0.047371
0 0.152849 0.874753 0.038128 0.047779
0 0.585249 0.766382 0.023964 0.044159
