0 0.364405 0.064693 0.033368 0.076744
0 0.488645 0.350329 0.051436 0.061705
0 0.309117 0.132502 0.040756 0.078913
0 0.621363 0.379984 0.043169 0.074087
0 0.385575 0.179233 0.032004 0.082829
0 0.573619 0.303988 0.045762 0.059146
0 0.233611 0.643025 0.048353 0.057199
0 0.341545 0.178802 0.038399 0.077954
0 0.414545 0.129262 0.027978 0.069351
0 0.226422 0.697800 0.037652 0.059610
0 0.630958 0.069815 0.045442 0.055215
0 0.225370 0.974336 0.043953 0.044076
0 0.273146 0.964631 0.028391 0.067960
0 0.241948 0.567638 0.043729 0.059741
0 0.296050 0.059903 0.032681 0.073259
0 0.247813 0.538952 0.047986 0.059434
