0 0.210744 0.364763 0.044159 0.048092
0 0.379759 0.137855 0.036396 0.057548
0 0.153367 0.878687 0.036898 0.047051
0 0.250811 0.734682 0.045572 0.058175
0 0.501229 0.120456 0.041471 0.059348
0 0.564576 0.322001 0.045854 0.080881
0 0.260645 0.672467 0.044085 0.051063
0 0.399964 0.357189 0.029030 0.073228
0 0.249533 0.067610 0.027024 0.081237
0 0.636964 0.345388 0.028498 0.069008
0 0.611414 0.860325 0.039308 0.069881
0 0.140453 0.710517 0.032921 0.082984
0 0.200889 0.534941 0.059454 0.049790
0 0.137751 0.791754 0.034395 0.081237
