0 0.309211 0.133013 0.040442 0.078170
0 0.363847 0.065550 0.033828 0.076374
0 0.460697 0.848340 0.046243 0.056383
0 0.384811 0.180455 0.033441 0.084379
0 0.374606 0.840093 0.045957 0.056434
0 0.621015 0.378780 0.044434 0.073518
0 0.273117 0.964301 0.029404 0.068621
0 0.234230 0.643628 0.048625 0.057388
0 0.414837 0.130313 0.027654 0.069638
0 0.226020 0.697945 0.037833 0.061849
0 0.473791 0.298398 0.043802 0.057259
0 0.224687 0.974531 0.045734 0.045736
0 0.295297 0.062873 0.034065 0.078249
0 0.241612 0.564508 0.041196 0.062591
0 0.246702 0.537225 0.047913 0.058109
0 0.584779 0.767347 0.025195 0.042671
