0 0.308998 0.133081 0.041497 0.079869
0 0.235778 0.522390 0.035065 0.089070
0 0.364147 0.064916 0.034139 0.076696
0 0.385222 0.180411 0.031975 0.081898
0 0.128706 0.769621 0.045285 0.065629
0 0.414559 0.129977 0.027704 0.069359
0 0.449999 0.285480 0.046956 0.056170
0 0.215298 0.835293 0.044321 0.056019
0 0.400247 0.789374 0.033638 0.088318
0 0.229249 0.975207 0.058229 0.046807
0 0.152690 0.872945 0.035529 0.047345
0 0.259127 0.974458 0.041324 0.048306
0 0.481770 0.348468 0.036831 0.047282
0 0.348451 0.805288 0.032600 0.070366
0 0.582803 0.769045 0.024638 0.046019
