0 0.501447 0.120837 0.044658 0.062943
0 0.211226 0.363743 0.044261 0.046829
0 0.539261 0.186632 0.048451 0.067027
0 0.250388 0.734455 0.044325 0.058325
0 0.153227 0.879128 0.037318 0.048158
0 0.260165 0.672866 0.043319 0.050826
0 0.379148 0.138660 0.037854 0.061018
0 0.551318 0.310323 0.042866 0.073590
0 0.619571 0.118415 0.049954 0.062165
0 0.253189 0.063667 0.035436 0.097858
0 0.198187 0.536251 0.051101 0.055905
0 0.140207 0.715758 0.029481 0.069008
0 0.134557 0.792628 0.028990 0.062020
0 0.432316 0.915793 0.028990 0.091719
0 0.598393 0.865129 0.032921 0.079490
0 0.635736 0.340584 0.023094 0.089099
0 0.457867 0.758997 0.029972 0.061146
