0 0.308573 0.133365 0.041968 0.080414
0 0.235653 0.523326 0.035288 0.086754
0 0.468604 0.802923 0.038251 0.061868
0 0.364247 0.065250 0.033317 0.075577
0 0.385170 0.180995 0.033001 0.083828
0 0.481177 0.352317 0.041866 0.059472
0 0.580729 0.414183 0.037985 0.074884
0 0.128868 0.769934 0.044885 0.065485
0 0.414545 0.130466 0.027380 0.069503
0 0.464278 0.934531 0.028633 0.077057
0 0.400239 0.789692 0.033211 0.086085
0 0.215511 0.836298 0.043546 0.057824
0 0.231830 0.975422 0.063639 0.046379
0 0.152697 0.872977 0.036034 0.047366
0 0.348865 0.807341 0.033752 0.071520
0 0.585181 0.766451 0.023634 0.043263
0 0.256892 0.974398 0.044513 0.048427
0 0.480071 0.934273 0.037007 0.076313
