0 0.307900 0.339489 0.045137 0.067166
0 0.523266 0.762762 0.036553 0.066270
0 0.307493 0.938180 0.042818 0.062873
0 0.529609 0.166943 0.049597 0.071399
0 0.245609 0.254210 0.035908 0.089694
0 0.378998 0.141141 0.036044 0.060319
0 0.227745 0.411355 0.036750 0.086202
0 0.633031 0.341895 0.029343 0.072938
0 0.258702 0.437082 0.030138 0.086708
0 0.252276 0.069899 0.032917 0.097333
0 0.125399 0.766258 0.038995 0.077092
0 0.133823 0.710771 0.044746 0.054182
0 0.156358 0.867185 0.038688 0.044195
0 0.134322 0.258207 0.024104 0.057017
0 0.271492 0.125484 0.021299 0.049105
0 0.391591 0.981603 0.039533 0.034017
