0 0.539133 0.186990 0.048231 0.064689
0 0.501068 0.120072 0.043994 0.062004
0 0.211766 0.364628 0.047033 0.055997
0 0.379450 0.139067 0.037233 0.062302
0 0.620076 0.118829 0.050126 0.063220
0 0.472585 0.941022 0.043482 0.047354
0 0.591737 0.589837 0.031790 0.080495
0 0.456626 0.754017 0.031568 0.061486
0 0.154537 0.878427 0.039507 0.048215
0 0.251499 0.068920 0.024076 0.075122
0 0.369177 0.274633 0.019654 0.077743
0 0.439195 0.299528 0.037834 0.061146
0 0.635736 0.342331 0.020145 0.068134
0 0.576774 0.829315 0.018180 0.075996
0 0.596674 0.859451 0.023585 0.073375
0 0.136031 0.711391 0.024076 0.069008
0 0.137505 0.791754 0.023094 0.079490
