0 0.538657 0.186600 0.048965 0.065766
0 0.501103 0.120650 0.044370 0.062399
0 0.153459 0.878817 0.037863 0.049435
0 0.379563 0.138345 0.037078 0.061093
0 0.619552 0.118230 0.049485 0.063301
0 0.591735 0.589714 0.031647 0.080593
0 0.455545 0.750368 0.028049 0.058616
0 0.573850 0.830780 0.028910 0.089453
0 0.597063 0.861195 0.028377 0.076702
0 0.367150 0.272973 0.032786 0.071435
0 0.635736 0.340147 0.024076 0.069008
0 0.430597 0.914483 0.021619 0.090846
0 0.137505 0.717942 0.034886 0.075122
0 0.134311 0.789570 0.026533 0.073375
0 0.437681 0.297955 0.039138 0.073325
0 0.251927 0.071559 0.022881 0.089381
