0 0.309125 0.133116 0.040325 0.077265
0 0.364153 0.064654 0.032578 0.074814
0 0.385027 0.180118 0.032300 0.082640
0 0.460382 0.848789 0.044667 0.056379
0 0.227647 0.699022 0.041381 0.069690
0 0.164513 0.242580 0.047052 0.071772
0 0.210491 0.418320 0.039023 0.077968
0 0.374829 0.839754 0.045439 0.055611
0 0.620860 0.378787 0.043366 0.070515
0 0.273144 0.964807 0.028466 0.067609
0 0.414685 0.130891 0.027602 0.069666
0 0.293745 0.065411 0.035683 0.082167
0 0.224341 0.975392 0.044381 0.045963
0 0.474048 0.297502 0.043409 0.054919
0 0.583463 0.766414 0.027333 0.041441
0 0.565962 0.174401 0.018401 0.066534
