0 0.480614 0.351727 0.042339 0.059257
0 0.580905 0.414732 0.039285 0.076447
0 0.400517 0.202761 0.037073 0.085383
0 0.128526 0.770306 0.044798 0.064787
0 0.566110 0.141263 0.038738 0.056731
0 0.213563 0.361658 0.041400 0.054500
0 0.215483 0.836050 0.042722 0.055955
0 0.229900 0.975871 0.059841 0.045481
0 0.399720 0.790184 0.033742 0.085362
0 0.516971 0.100163 0.026546 0.065210
0 0.152365 0.873283 0.036293 0.047322
0 0.415132 0.129287 0.020929 0.060135
0 0.259387 0.974476 0.041845 0.048269
0 0.464602 0.938706 0.022143 0.069306
0 0.487057 0.942033 0.022767 0.073741
