0 0.381785 0.856128 0.043258 0.058549
0 0.480331 0.351589 0.039833 0.054916
0 0.381161 0.137847 0.035720 0.057291
0 0.211317 0.363050 0.043327 0.046819
0 0.579489 0.416111 0.039361 0.080971
0 0.249913 0.734117 0.044543 0.058522
0 0.458831 0.919359 0.042503 0.059379
0 0.259552 0.671559 0.043111 0.049922
0 0.505084 0.184047 0.024764 0.056658
0 0.185290 0.847065 0.042340 0.053065
0 0.401151 0.358361 0.028939 0.071759
0 0.151380 0.876524 0.035868 0.045779
0 0.255921 0.065863 0.029972 0.084731
0 0.568175 0.140112 0.037343 0.048043
0 0.635982 0.851153 0.043239 0.055031
0 0.138979 0.711391 0.027024 0.069008
0 0.135540 0.788697 0.031938 0.069881
