0 0.382293 0.856528 0.044118 0.058895
0 0.481524 0.352215 0.040617 0.055036
0 0.249565 0.731716 0.043813 0.054224
0 0.381853 0.138171 0.037089 0.058631
0 0.254247 0.066638 0.033182 0.098016
0 0.211693 0.362336 0.044684 0.049502
0 0.458698 0.920075 0.042160 0.060092
0 0.261245 0.671351 0.045314 0.047662
0 0.580810 0.413672 0.035614 0.074953
0 0.401239 0.357477 0.029549 0.072414
0 0.504971 0.185239 0.024733 0.057218
0 0.150122 0.876341 0.035117 0.044985
0 0.178062 0.838948 0.038847 0.067555
0 0.568666 0.147100 0.032429 0.058526
0 0.636227 0.854210 0.044713 0.047170
0 0.223983 0.977075 0.045696 0.043073
0 0.262308 0.977948 0.039800 0.041326
