0 0.468958 0.802316 0.037978 0.061090
0 0.254445 0.069832 0.035650 0.097088
0 0.481174 0.353166 0.041886 0.059092
0 0.395244 0.182115 0.035628 0.088336
0 0.128419 0.770659 0.046013 0.065963
0 0.580421 0.417135 0.037924 0.080580
0 0.215716 0.835407 0.044757 0.055247
0 0.399916 0.790631 0.033267 0.084915
0 0.224009 0.976218 0.048275 0.044786
0 0.414953 0.128971 0.025457 0.066924
0 0.151919 0.873164 0.034883 0.046798
0 0.260093 0.974350 0.042833 0.048523
0 0.464484 0.933956 0.027701 0.077521
0 0.397155 0.155568 0.032611 0.042784
0 0.586244 0.768056 0.023069 0.042454
0 0.487837 0.945082 0.018089 0.076514
