0 0.210912 0.364850 0.043495 0.047270
0 0.379734 0.137541 0.036677 0.058045
0 0.249849 0.734424 0.044625 0.060332
0 0.501874 0.120495 0.041308 0.061400
0 0.153939 0.878959 0.037562 0.048278
0 0.565083 0.322403 0.046575 0.083928
0 0.260500 0.672417 0.043263 0.050672
0 0.399810 0.356576 0.030274 0.075540
0 0.435437 0.800756 0.026826 0.064522
0 0.251499 0.070231 0.021128 0.082984
0 0.201135 0.544113 0.052083 0.054158
0 0.138733 0.712264 0.028498 0.074249
0 0.133083 0.785639 0.034886 0.075996
0 0.635736 0.339273 0.025059 0.072502
0 0.607729 0.854647 0.038817 0.065514
