0 0.460570 0.848553 0.045777 0.055387
0 0.363765 0.064912 0.034240 0.077010
0 0.374443 0.840114 0.046438 0.057712
0 0.308565 0.132925 0.040823 0.078558
0 0.385647 0.180944 0.032415 0.084966
0 0.620996 0.378684 0.045197 0.072892
0 0.233644 0.643425 0.048942 0.057772
0 0.226369 0.697342 0.038174 0.059412
0 0.473902 0.298098 0.043511 0.057444
0 0.414818 0.129998 0.027663 0.069029
0 0.224987 0.974736 0.044964 0.044252
0 0.272823 0.964743 0.028437 0.067737
0 0.341894 0.181691 0.038328 0.082094
0 0.242179 0.560890 0.044171 0.071572
0 0.297010 0.056301 0.031418 0.068734
0 0.581868 0.767659 0.027757 0.041029
