0 0.481201 0.352020 0.041509 0.055568
0 0.254106 0.068119 0.033781 0.096423
0 0.212873 0.776819 0.041445 0.045754
0 0.381968 0.138145 0.037621 0.058235
0 0.211286 0.362192 0.045322 0.050043
0 0.257842 0.653760 0.039648 0.053381
0 0.580326 0.415930 0.035849 0.075417
0 0.249452 0.699718 0.039464 0.056602
0 0.506000 0.184488 0.025014 0.055841
0 0.219230 0.730710 0.044609 0.044364
0 0.401310 0.357330 0.028859 0.072999
0 0.634262 0.854210 0.050609 0.059399
0 0.567929 0.137491 0.034886 0.051537
0 0.262063 0.975328 0.044222 0.046567
0 0.222263 0.975328 0.043239 0.046567
0 0.484450 0.944145 0.019110 0.077272
