0 0.501485 0.119609 0.040645 0.058841
0 0.249841 0.735054 0.045963 0.059367
0 0.211263 0.364069 0.044667 0.047897
0 0.153515 0.878977 0.037718 0.048081
0 0.259746 0.672923 0.042923 0.050725
0 0.455267 0.752436 0.028453 0.058670
0 0.619517 0.118515 0.049609 0.059888
0 0.380945 0.136565 0.034243 0.055107
0 0.540413 0.182770 0.045527 0.060012
0 0.252481 0.068484 0.025059 0.084731
0 0.200644 0.533194 0.048153 0.065514
0 0.138979 0.716632 0.030955 0.070755
0 0.136768 0.787386 0.031447 0.074249
0 0.430842 0.917977 0.028990 0.076869
