0 0.309258 0.133232 0.040433 0.077950
0 0.363690 0.065354 0.033641 0.076353
0 0.385083 0.180710 0.032489 0.082351
0 0.460623 0.848258 0.045060 0.055780
0 0.227154 0.698488 0.041296 0.068992
0 0.374658 0.839777 0.045295 0.055845
0 0.209051 0.421149 0.040589 0.079483
0 0.414745 0.130376 0.028240 0.070352
0 0.607470 0.184209 0.034966 0.074944
0 0.565066 0.171298 0.025890 0.080424
0 0.582828 0.766420 0.027681 0.043638
0 0.295099 0.059771 0.032358 0.074430
0 0.575722 0.415639 0.040107 0.079380
0 0.082643 0.124327 0.026174 0.034004
