0 0.308660 0.132741 0.041613 0.080388
0 0.235803 0.524299 0.035095 0.084858
0 0.363732 0.065779 0.034418 0.074986
0 0.228437 0.280887 0.045659 0.067790
0 0.385089 0.179550 0.032481 0.081469
0 0.163991 0.241939 0.047043 0.072057
0 0.481568 0.353489 0.040616 0.056662
0 0.580675 0.413292 0.038150 0.073434
0 0.128606 0.769924 0.044428 0.064936
0 0.449455 0.285977 0.046688 0.057637
0 0.414751 0.130732 0.027326 0.069092
0 0.214969 0.835860 0.042915 0.056258
0 0.228329 0.975787 0.056524 0.045649
0 0.152670 0.872780 0.036326 0.047718
0 0.257957 0.974583 0.043229 0.048057
0 0.399264 0.895736 0.018713 0.054336
