0 0.253060 0.068904 0.033549 0.094096
0 0.380928 0.136735 0.035012 0.059163
0 0.480928 0.352352 0.042096 0.058622
0 0.211390 0.361818 0.046495 0.058453
0 0.490686 0.823402 0.036489 0.083190
0 0.400368 0.357396 0.034315 0.078849
0 0.580802 0.415113 0.037823 0.073881
0 0.566327 0.140952 0.037671 0.055388
0 0.214994 0.836471 0.043259 0.057275
0 0.464426 0.932647 0.028518 0.074222
0 0.506414 0.182131 0.029016 0.062661
0 0.128464 0.773421 0.047273 0.060358
0 0.227189 0.975995 0.054702 0.045232
0 0.152645 0.873279 0.036819 0.048386
0 0.633206 0.852352 0.040657 0.049628
0 0.256533 0.974378 0.046002 0.048465
0 0.485703 0.942538 0.019744 0.074437
