0 0.249963 0.735061 0.045031 0.059283
0 0.210625 0.364463 0.044321 0.047936
0 0.153458 0.879232 0.036947 0.048135
0 0.380037 0.137507 0.036116 0.057252
0 0.456960 0.754975 0.033081 0.067769
0 0.260665 0.673283 0.043291 0.051065
0 0.472280 0.931437 0.043114 0.054299
0 0.501283 0.119260 0.042650 0.057486
0 0.400441 0.356803 0.030027 0.074188
0 0.548400 0.307196 0.059569 0.074587
0 0.253710 0.068484 0.023585 0.077743
0 0.200398 0.538435 0.057488 0.056778
0 0.136522 0.712701 0.025059 0.073375
0 0.134802 0.786950 0.032429 0.080363
0 0.634016 0.346698 0.022602 0.071628
0 0.609940 0.859888 0.038325 0.067261
