0 0.538797 0.187498 0.049153 0.067034
0 0.249998 0.734958 0.044839 0.059189
0 0.210874 0.364685 0.043465 0.046832
0 0.380171 0.137951 0.035296 0.058249
0 0.153580 0.878369 0.037510 0.047077
0 0.457019 0.756929 0.032703 0.068556
0 0.260151 0.672781 0.043721 0.049658
0 0.501382 0.120772 0.043183 0.061728
0 0.472073 0.931771 0.044356 0.054990
0 0.622072 0.118798 0.054679 0.065478
0 0.400473 0.356333 0.030253 0.074911
0 0.552099 0.308924 0.042180 0.073900
0 0.249533 0.064990 0.020145 0.075996
0 0.197450 0.539308 0.054540 0.053284
0 0.137751 0.714885 0.030464 0.081237
0 0.134065 0.789133 0.023094 0.075996
0 0.635245 0.342331 0.018180 0.062893
