0 0.381999 0.856059 0.043169 0.059370
0 0.211387 0.363493 0.044356 0.047839
0 0.380990 0.137211 0.036241 0.057200
0 0.249415 0.733968 0.044463 0.058398
0 0.458802 0.919502 0.041761 0.060200
0 0.260050 0.671025 0.043784 0.051434
0 0.151664 0.876974 0.038145 0.047023
0 0.255429 0.069357 0.025059 0.072502
0 0.565473 0.141422 0.027024 0.045423
0 0.402344 0.354997 0.031938 0.075996
0 0.140453 0.712264 0.033903 0.074249
0 0.138242 0.779088 0.035377 0.071628
0 0.631068 0.851590 0.039308 0.050664
0 0.198037 0.538000 0.048170 0.049240
