0 0.308858 0.132932 0.041165 0.079806
0 0.235786 0.522315 0.034799 0.087947
0 0.364532 0.064823 0.034092 0.074964
0 0.385291 0.181043 0.031851 0.083544
0 0.481407 0.352748 0.040689 0.056652
0 0.580787 0.414659 0.037970 0.074790
0 0.128712 0.770309 0.044751 0.065345
0 0.449046 0.286689 0.046651 0.057138
0 0.414493 0.130498 0.027747 0.069965
0 0.215510 0.837055 0.042850 0.058509
0 0.228458 0.975356 0.057289 0.046510
0 0.399868 0.789305 0.033635 0.086804
0 0.152408 0.872944 0.035791 0.047830
0 0.348636 0.805247 0.033913 0.066260
0 0.257333 0.974358 0.044343 0.048507
