0 0.364119 0.065427 0.033993 0.078161
0 0.488818 0.350345 0.050500 0.061136
0 0.309212 0.131567 0.040793 0.076476
0 0.385770 0.181812 0.032022 0.085122
0 0.573687 0.304337 0.046138 0.059881
0 0.622029 0.378105 0.041796 0.070286
0 0.234015 0.642719 0.048386 0.057549
0 0.415055 0.130078 0.027966 0.070611
0 0.341679 0.179364 0.038298 0.077657
0 0.273309 0.964679 0.028967 0.067865
0 0.631281 0.069902 0.046337 0.056962
0 0.226400 0.697478 0.037002 0.061212
0 0.224566 0.973914 0.045934 0.044881
0 0.294518 0.064877 0.035799 0.081440
0 0.240850 0.565710 0.040152 0.058734
0 0.246992 0.539234 0.049574 0.060685
