0 0.309056 0.132712 0.041596 0.080501
0 0.235971 0.523589 0.035503 0.084415
0 0.364289 0.065050 0.033362 0.075208
0 0.227790 0.280907 0.045846 0.068773
0 0.385392 0.180305 0.032140 0.082565
0 0.218358 0.778135 0.047071 0.060041
0 0.481110 0.352238 0.040035 0.056421
0 0.163932 0.241557 0.046823 0.072514
0 0.580352 0.414274 0.038098 0.075141
0 0.414800 0.130358 0.027775 0.069876
0 0.123542 0.762466 0.050939 0.056490
0 0.449587 0.285742 0.046441 0.057392
0 0.227059 0.975961 0.053518 0.045301
0 0.177595 0.838545 0.036889 0.066587
0 0.259241 0.974577 0.040709 0.048069
0 0.153547 0.874645 0.038028 0.045612
0 0.583739 0.765719 0.023391 0.031603
