0 0.382260 0.856384 0.043749 0.059520
0 0.381318 0.137195 0.036402 0.057122
0 0.399192 0.359759 0.037489 0.079719
0 0.249665 0.734116 0.044619 0.059960
0 0.151686 0.877154 0.038305 0.047091
0 0.211447 0.364008 0.046077 0.051390
0 0.479944 0.350987 0.036900 0.051891
0 0.261327 0.671857 0.046566 0.052177
0 0.458836 0.918694 0.041406 0.058217
0 0.504614 0.181452 0.025550 0.053039
0 0.254938 0.059312 0.026042 0.089099
0 0.570632 0.142732 0.043239 0.063767
0 0.201381 0.536688 0.052575 0.056778
0 0.140453 0.714011 0.028007 0.089972
0 0.135294 0.781272 0.030464 0.072502
0 0.634262 0.856394 0.047661 0.067261
