0 0.501719 0.120600 0.040800 0.059656
0 0.250050 0.734636 0.044629 0.058548
0 0.456487 0.752214 0.030449 0.058767
0 0.153875 0.879257 0.037344 0.046500
0 0.260109 0.672812 0.043436 0.050917
0 0.540065 0.184608 0.047460 0.063656
0 0.210375 0.364430 0.043676 0.046365
0 0.619585 0.118496 0.049411 0.062117
0 0.379948 0.135220 0.036517 0.053697
0 0.199415 0.538435 0.055523 0.051537
0 0.139225 0.715321 0.031447 0.078616
0 0.136277 0.783019 0.028498 0.069008
0 0.429368 0.917103 0.028990 0.087352
0 0.252481 0.072851 0.026042 0.077743
0 0.360308 0.357097 0.024687 0.069578
