0 0.235947 0.521640 0.035394 0.089292
0 0.480647 0.352732 0.041675 0.059102
0 0.384846 0.179763 0.031807 0.080198
0 0.363717 0.065015 0.034258 0.075291
0 0.580029 0.414897 0.039702 0.075955
0 0.128439 0.770011 0.044679 0.064505
0 0.414625 0.129785 0.027677 0.069485
0 0.215245 0.835971 0.043341 0.057327
0 0.152886 0.873165 0.037196 0.048380
0 0.232428 0.974899 0.064501 0.047424
0 0.255984 0.974037 0.046296 0.049149
0 0.465694 0.937597 0.024326 0.079286
0 0.486745 0.943973 0.024014 0.073187
0 0.582491 0.767105 0.022767 0.042138
