0 0.608100 0.183804 0.033580 0.070943
0 0.364224 0.064545 0.031910 0.074934
0 0.309641 0.133020 0.040168 0.077601
0 0.209793 0.418728 0.040044 0.078576
0 0.385225 0.180978 0.032363 0.082234
0 0.460815 0.848466 0.045441 0.055135
0 0.227331 0.698003 0.040161 0.068440
0 0.163993 0.242155 0.047714 0.071999
0 0.374701 0.839640 0.045505 0.055726
0 0.564689 0.171556 0.025439 0.079335
0 0.273274 0.965127 0.028178 0.066968
0 0.414852 0.130424 0.027558 0.069145
0 0.293736 0.064240 0.035396 0.084355
0 0.473128 0.295951 0.044516 0.053900
0 0.224911 0.975303 0.046790 0.046542
0 0.584496 0.767053 0.025825 0.041870
