0 0.363878 0.064264 0.033514 0.077024
0 0.460456 0.848792 0.046667 0.056882
0 0.385365 0.180190 0.031226 0.081990
0 0.308797 0.131537 0.040634 0.077014
0 0.374426 0.839482 0.046277 0.055995
0 0.233899 0.643579 0.049005 0.057934
0 0.621148 0.378855 0.043560 0.071396
0 0.226298 0.697170 0.037543 0.059707
0 0.341544 0.178990 0.037786 0.078138
0 0.414836 0.129624 0.028211 0.070760
0 0.225628 0.973890 0.044209 0.043566
0 0.273079 0.964817 0.027548 0.067588
0 0.293643 0.064200 0.037116 0.085410
0 0.242322 0.566347 0.044111 0.062787
0 0.585941 0.766225 0.022427 0.042007
0 0.245763 0.542909 0.049907 0.068917
