0 0.381254 0.137134 0.036024 0.057109
0 0.480143 0.352642 0.039145 0.052597
0 0.211558 0.362803 0.044068 0.047663
0 0.382265 0.857158 0.043303 0.061664
0 0.581619 0.408533 0.035543 0.067366
0 0.152022 0.877234 0.039528 0.047653
0 0.458863 0.919823 0.041465 0.062148
0 0.504185 0.185744 0.023457 0.053896
0 0.400898 0.357632 0.028960 0.071407
0 0.246741 0.738824 0.034186 0.044308
0 0.256658 0.063679 0.026533 0.085604
0 0.566455 0.142296 0.036851 0.059399
0 0.141190 0.711827 0.036360 0.069881
0 0.136031 0.785639 0.025059 0.075996
0 0.634753 0.852463 0.046678 0.055905
