0 0.236004 0.524193 0.035515 0.085519
0 0.308680 0.132726 0.041413 0.080944
0 0.364196 0.064785 0.034100 0.075367
0 0.385238 0.180387 0.031934 0.081630
0 0.227908 0.281282 0.045070 0.067149
0 0.218357 0.778264 0.048631 0.059785
0 0.481126 0.352453 0.040410 0.056972
0 0.163551 0.241658 0.045990 0.071893
0 0.580294 0.414380 0.038857 0.074797
0 0.449026 0.287057 0.046168 0.056964
0 0.414717 0.130686 0.027423 0.069203
0 0.227001 0.975828 0.054119 0.045566
0 0.259253 0.974626 0.041649 0.047969
0 0.586511 0.766655 0.021490 0.042389
