0 0.382754 0.855576 0.044016 0.061032
0 0.565827 0.325305 0.038992 0.075332
0 0.210941 0.364382 0.043635 0.046446
0 0.380218 0.137350 0.036076 0.057538
0 0.250110 0.734830 0.046056 0.059339
0 0.153391 0.878891 0.038076 0.047809
0 0.459574 0.918350 0.042367 0.060724
0 0.262040 0.673905 0.045453 0.051924
0 0.399805 0.356401 0.029716 0.073385
0 0.451816 0.755477 0.036109 0.064598
0 0.252973 0.070231 0.032921 0.082984
0 0.197450 0.540618 0.049627 0.055905
0 0.140207 0.714885 0.032429 0.079490
0 0.139225 0.792628 0.042256 0.084731
0 0.611414 0.860762 0.039308 0.058526
