0 0.253130 0.068504 0.033323 0.095150
0 0.381632 0.134577 0.034485 0.056932
0 0.566187 0.141646 0.038874 0.057404
0 0.128257 0.770247 0.045368 0.064914
0 0.580843 0.412119 0.038120 0.071139
0 0.215464 0.836376 0.043731 0.056455
0 0.386631 0.867129 0.030854 0.076871
0 0.481302 0.351649 0.040471 0.058505
0 0.226650 0.975293 0.053070 0.046636
0 0.152828 0.872558 0.036610 0.047334
0 0.517140 0.100633 0.026101 0.064946
0 0.258476 0.974278 0.042912 0.048666
0 0.216211 0.360382 0.035814 0.051270
0 0.452127 0.344616 0.025886 0.082058
0 0.464134 0.936211 0.019960 0.080949
0 0.486433 0.943419 0.024638 0.066534
