0 0.252641 0.068661 0.033799 0.094787
0 0.490687 0.822718 0.034451 0.083813
0 0.480960 0.351807 0.041344 0.058574
0 0.381683 0.134506 0.035204 0.056683
0 0.128564 0.770282 0.045703 0.066569
0 0.580843 0.413247 0.036989 0.071541
0 0.566868 0.141251 0.037355 0.054311
0 0.424045 0.348027 0.031210 0.076294
0 0.215547 0.836330 0.043063 0.057498
0 0.211613 0.361160 0.048145 0.059259
0 0.506004 0.183307 0.026369 0.059281
0 0.386426 0.862136 0.030789 0.087717
0 0.224905 0.975706 0.050056 0.045809
0 0.152294 0.872836 0.036351 0.047686
0 0.633267 0.852008 0.041182 0.049067
0 0.260094 0.974146 0.043155 0.048930
0 0.464746 0.935237 0.022872 0.075876
0 0.262745 0.325416 0.049216 0.083791
0 0.488772 0.947577 0.023079 0.072633
