0 0.468098 0.803263 0.038398 0.061623
0 0.480990 0.352800 0.041354 0.057121
0 0.128725 0.769778 0.045318 0.064996
0 0.214733 0.360787 0.042969 0.054533
0 0.399605 0.792230 0.033503 0.085456
0 0.215224 0.836698 0.043541 0.058416
0 0.580490 0.415044 0.039109 0.082782
0 0.224454 0.976357 0.048074 0.044508
0 0.385441 0.179891 0.032193 0.082830
0 0.152560 0.873008 0.035523 0.047781
0 0.260274 0.974442 0.042536 0.048338
0 0.585806 0.767493 0.023143 0.043520
0 0.464758 0.933716 0.018089 0.071524
0 0.486589 0.941755 0.017465 0.068751
