0 0.381203 0.137363 0.036029 0.056120
0 0.382090 0.855743 0.043312 0.060142
0 0.458773 0.919537 0.043439 0.059535
0 0.261770 0.671033 0.048572 0.055599
0 0.248986 0.734258 0.044745 0.060233
0 0.185075 0.847710 0.043348 0.054366
0 0.504045 0.183562 0.024201 0.054094
0 0.151044 0.876777 0.036114 0.044931
0 0.575842 0.418175 0.036355 0.076702
0 0.254447 0.066300 0.029972 0.083857
0 0.565718 0.142732 0.040291 0.060273
0 0.636473 0.848096 0.053066 0.055905
0 0.140699 0.710517 0.029481 0.067261
0 0.137259 0.786076 0.040291 0.078616
