0 0.364196 0.065281 0.034394 0.078246
0 0.385297 0.179167 0.032242 0.085233
0 0.309001 0.131983 0.040326 0.076744
0 0.341966 0.179205 0.038697 0.077665
0 0.621116 0.379010 0.043573 0.073725
0 0.272976 0.964354 0.029442 0.068515
0 0.373984 0.845998 0.046802 0.060238
0 0.233699 0.643621 0.048367 0.056406
0 0.414796 0.130086 0.027991 0.070345
0 0.226072 0.698037 0.037849 0.060728
0 0.224766 0.973971 0.045256 0.046198
0 0.630440 0.070537 0.046192 0.054214
0 0.293737 0.064602 0.036602 0.084506
0 0.243337 0.564561 0.044288 0.062954
0 0.246926 0.539770 0.049110 0.062488
