0 0.309036 0.132320 0.042449 0.080612
0 0.235824 0.522167 0.035085 0.087860
0 0.468461 0.802604 0.037947 0.061231
0 0.385222 0.181226 0.032425 0.084575
0 0.364468 0.064957 0.034110 0.076018
0 0.480602 0.352460 0.041773 0.058332
0 0.128864 0.770048 0.044916 0.065887
0 0.580799 0.414253 0.037798 0.074648
0 0.414545 0.130131 0.027662 0.070226
0 0.215384 0.835845 0.043526 0.057390
0 0.400012 0.789573 0.033616 0.086586
0 0.226315 0.975575 0.053282 0.046072
0 0.152690 0.872975 0.036172 0.047738
0 0.349210 0.807555 0.032248 0.067534
0 0.585655 0.767680 0.023640 0.043383
0 0.258190 0.974620 0.042288 0.047981
0 0.464290 0.935656 0.019024 0.073187
0 0.485030 0.938429 0.020584 0.067642
