0 0.460910 0.848840 0.045998 0.056085
0 0.364294 0.064249 0.033317 0.077716
0 0.309232 0.131030 0.040298 0.077364
0 0.385323 0.180902 0.032423 0.085200
0 0.374509 0.839552 0.046137 0.056718
0 0.620694 0.379887 0.045855 0.074653
0 0.272655 0.965124 0.029734 0.066975
0 0.233164 0.643090 0.046838 0.056336
0 0.414912 0.130154 0.028334 0.070395
0 0.341627 0.179111 0.037914 0.077836
0 0.226079 0.698159 0.037136 0.060482
0 0.473435 0.297980 0.043743 0.057466
0 0.224873 0.974629 0.045052 0.044288
0 0.243355 0.566322 0.044767 0.062431
0 0.294033 0.064907 0.036354 0.083180
0 0.246767 0.540946 0.049444 0.063569
0 0.583513 0.768267 0.026723 0.043629
