0 0.608021 0.182939 0.032201 0.070825
0 0.364021 0.065314 0.033576 0.076594
0 0.309194 0.133224 0.041132 0.078137
0 0.385019 0.181185 0.032230 0.082774
0 0.210418 0.418806 0.039850 0.080531
0 0.227410 0.698790 0.041430 0.070474
0 0.460668 0.848608 0.045062 0.055569
0 0.164467 0.242301 0.047273 0.071775
0 0.374826 0.839639 0.045672 0.056102
0 0.620149 0.380132 0.043776 0.071870
0 0.565199 0.172380 0.025370 0.078800
0 0.272897 0.965274 0.028840 0.066674
0 0.414798 0.130733 0.028052 0.069584
0 0.293873 0.063884 0.036607 0.085172
0 0.473501 0.297510 0.044716 0.055496
0 0.224117 0.975143 0.044750 0.046763
0 0.585247 0.767056 0.025017 0.042447
