0 0.501065 0.120699 0.044095 0.062491
0 0.538849 0.186741 0.048712 0.065413
0 0.620117 0.118304 0.050203 0.063675
0 0.379585 0.139173 0.036218 0.059436
0 0.591801 0.589994 0.032335 0.080696
0 0.456175 0.754322 0.030069 0.061544
0 0.634426 0.341652 0.030495 0.072822
0 0.367949 0.274633 0.026042 0.081237
0 0.435756 0.293850 0.040782 0.077743
0 0.136277 0.710080 0.025550 0.073375
0 0.137996 0.790007 0.024076 0.081237
0 0.575300 0.826258 0.013267 0.075122
0 0.598885 0.859451 0.018180 0.071628
0 0.152125 0.879737 0.039439 0.033719
0 0.209628 0.362449 0.045460 0.044958
0 0.252529 0.070221 0.019870 0.072790
