0 0.480551 0.351775 0.042459 0.058992
0 0.580565 0.414700 0.039449 0.077009
0 0.391603 0.181860 0.034986 0.090187
0 0.254690 0.069910 0.035698 0.097562
0 0.128942 0.769810 0.045125 0.066191
0 0.566363 0.141274 0.038559 0.055716
0 0.468322 0.801080 0.037401 0.057543
0 0.399575 0.790338 0.034317 0.085263
0 0.215248 0.836677 0.042903 0.058307
0 0.231637 0.975121 0.063645 0.046979
0 0.414835 0.130138 0.026347 0.068390
0 0.152781 0.873851 0.036857 0.047514
0 0.517268 0.100440 0.025843 0.067207
0 0.256560 0.974239 0.044433 0.048745
0 0.301477 0.252583 0.046763 0.055921
