0 0.364202 0.064926 0.033655 0.076658
0 0.488713 0.350416 0.050460 0.060709
0 0.385732 0.180390 0.031941 0.084064
0 0.308872 0.131453 0.041431 0.076968
0 0.621666 0.378130 0.041594 0.068862
0 0.573738 0.304090 0.046210 0.058983
0 0.234176 0.643272 0.047793 0.057576
0 0.272885 0.964088 0.029122 0.069046
0 0.414930 0.129585 0.027881 0.069760
0 0.342046 0.178745 0.038078 0.077534
0 0.226490 0.697738 0.037696 0.061516
0 0.631169 0.069950 0.045743 0.055533
0 0.224981 0.974478 0.046312 0.044352
0 0.295142 0.062463 0.035167 0.080577
0 0.242787 0.566650 0.044377 0.059837
0 0.246165 0.543624 0.050394 0.070210
0 0.583271 0.769045 0.023079 0.042692
