0 0.309144 0.132845 0.041268 0.078875
0 0.364391 0.064515 0.033745 0.076569
0 0.385007 0.182102 0.032339 0.084757
0 0.163940 0.242382 0.047804 0.073967
0 0.621645 0.377321 0.045353 0.074530
0 0.234244 0.643090 0.047715 0.057225
0 0.414800 0.130314 0.027831 0.070485
0 0.226575 0.697960 0.038085 0.061704
0 0.473651 0.294765 0.043503 0.054901
0 0.273311 0.964357 0.028379 0.068508
0 0.239209 0.561223 0.041470 0.065149
0 0.225622 0.974264 0.044569 0.044662
0 0.294217 0.064524 0.034922 0.081472
0 0.580464 0.769045 0.023079 0.036039
