0 0.384897 0.181898 0.033049 0.086982
0 0.468945 0.801817 0.038247 0.060938
0 0.363943 0.064889 0.034585 0.075687
0 0.481319 0.352136 0.041879 0.059087
0 0.236436 0.521636 0.032643 0.087207
0 0.128586 0.770316 0.045453 0.065163
0 0.414686 0.130527 0.027532 0.069387
0 0.215295 0.835700 0.043440 0.057187
0 0.399815 0.789856 0.034414 0.086716
0 0.580415 0.413883 0.038108 0.074781
0 0.213737 0.357543 0.043667 0.052465
0 0.224613 0.975998 0.049824 0.045225
0 0.152267 0.872269 0.035941 0.046804
0 0.259094 0.974196 0.041012 0.048830
0 0.465538 0.938429 0.020272 0.066534
0 0.486122 0.940924 0.019024 0.069306
0 0.583427 0.766273 0.020272 0.046019
