0 0.488762 0.350253 0.050612 0.061105
0 0.573760 0.304266 0.046222 0.059436
0 0.385336 0.179647 0.031396 0.081914
0 0.621216 0.377619 0.042161 0.068075
0 0.233845 0.643044 0.048174 0.056412
0 0.272987 0.964274 0.029303 0.068675
0 0.226265 0.697578 0.037498 0.060476
0 0.414757 0.130002 0.028459 0.070187
0 0.224663 0.974178 0.046008 0.044933
0 0.630967 0.069976 0.045740 0.054944
0 0.364905 0.063958 0.030964 0.070536
0 0.242736 0.567308 0.043195 0.061494
0 0.246518 0.540888 0.050063 0.065103
0 0.583271 0.764610 0.031811 0.040475
