0 0.363929 0.065467 0.032892 0.075321
0 0.309007 0.133708 0.040322 0.077494
0 0.460493 0.849347 0.045505 0.055795
0 0.385023 0.180071 0.032457 0.081204
0 0.164310 0.242319 0.046919 0.071375
0 0.374320 0.840083 0.046624 0.057667
0 0.227565 0.698973 0.040862 0.068072
0 0.414647 0.130145 0.028270 0.070414
0 0.273271 0.964638 0.028496 0.067947
0 0.473738 0.297103 0.044200 0.055379
0 0.224830 0.974272 0.044998 0.044956
0 0.211116 0.417552 0.037396 0.076352
0 0.294088 0.063733 0.033896 0.080607
0 0.268712 0.644166 0.054452 0.068906
0 0.583271 0.766273 0.026198 0.038257
