0 0.235728 0.523748 0.035361 0.083708
0 0.308841 0.133002 0.041858 0.080494
0 0.218372 0.779138 0.046908 0.060308
0 0.364274 0.065142 0.034285 0.075093
0 0.228092 0.280867 0.044462 0.067511
0 0.385184 0.180226 0.032474 0.082416
0 0.163700 0.242193 0.045778 0.071525
0 0.481155 0.352556 0.040805 0.057998
0 0.580578 0.413827 0.038927 0.074820
0 0.414606 0.130701 0.027586 0.069463
0 0.123461 0.762845 0.051170 0.056677
0 0.449584 0.285808 0.046073 0.056680
0 0.227248 0.976042 0.053807 0.045139
0 0.177526 0.838160 0.036737 0.066118
0 0.153425 0.874740 0.038275 0.048011
0 0.258623 0.974635 0.039890 0.047953
0 0.584051 0.766273 0.020896 0.037148
