0 0.364015 0.064995 0.033276 0.075877
0 0.309256 0.133026 0.040371 0.077943
0 0.607987 0.183306 0.032659 0.070021
0 0.460477 0.849174 0.045291 0.055466
0 0.385128 0.179568 0.032009 0.081511
0 0.227577 0.698255 0.040750 0.068268
0 0.580146 0.415949 0.039918 0.081486
0 0.374802 0.839617 0.045853 0.055932
0 0.564938 0.172296 0.025240 0.078750
0 0.414434 0.130258 0.028036 0.070328
0 0.272949 0.964966 0.028811 0.067290
0 0.163776 0.240552 0.047520 0.072061
0 0.473658 0.297642 0.044226 0.054948
0 0.294178 0.063783 0.034007 0.081517
0 0.584910 0.766587 0.024503 0.041328
