0 0.252989 0.067877 0.032565 0.092466
0 0.490598 0.823133 0.034126 0.082974
0 0.480633 0.352097 0.042104 0.058187
0 0.128552 0.770007 0.044873 0.064994
0 0.377795 0.327745 0.039398 0.080869
0 0.580718 0.415300 0.037853 0.073220
0 0.566849 0.140781 0.037060 0.055331
0 0.215437 0.836831 0.043463 0.057590
0 0.386634 0.864423 0.031272 0.082877
0 0.506195 0.183149 0.027617 0.061088
0 0.228804 0.975802 0.056803 0.045618
0 0.382835 0.133278 0.032999 0.052735
0 0.152292 0.873088 0.035230 0.046697
0 0.633724 0.852126 0.041214 0.049677
0 0.259759 0.974320 0.041870 0.048582
0 0.215278 0.364618 0.046717 0.043771
0 0.465120 0.939534 0.020518 0.073513
0 0.487216 0.941498 0.019886 0.070707
