0 0.199946 0.172977 0.034979 0.097595
0 0.607662 0.182931 0.033152 0.070631
0 0.308835 0.133296 0.041860 0.078689
0 0.385056 0.180498 0.031919 0.081541
0 0.227350 0.698052 0.038884 0.064904
0 0.460224 0.848387 0.044243 0.055640
0 0.363857 0.064299 0.033994 0.076357
0 0.374824 0.840113 0.045923 0.056730
0 0.228013 0.280001 0.048635 0.068793
0 0.580514 0.415109 0.037758 0.074354
0 0.163508 0.242761 0.047603 0.072283
0 0.565371 0.170891 0.025541 0.079880
0 0.640190 0.294533 0.032179 0.088709
0 0.414813 0.130437 0.027386 0.069504
0 0.294362 0.061859 0.033848 0.078586
0 0.582491 0.764610 0.028381 0.032712
