0 0.608217 0.183257 0.032911 0.070343
0 0.309281 0.132552 0.040465 0.076592
0 0.385023 0.181155 0.032528 0.085146
0 0.209987 0.419303 0.039866 0.078751
0 0.460793 0.848796 0.045280 0.055853
0 0.364204 0.065332 0.033521 0.075758
0 0.227361 0.699430 0.041032 0.070334
0 0.164004 0.243229 0.048385 0.071612
0 0.374870 0.840237 0.045405 0.056122
0 0.564452 0.171935 0.026066 0.080673
0 0.273032 0.965264 0.028416 0.066694
0 0.620970 0.379479 0.043101 0.071416
0 0.414651 0.130128 0.027540 0.068813
0 0.225082 0.975641 0.044107 0.045941
0 0.474113 0.295622 0.043274 0.055124
0 0.293978 0.064276 0.035184 0.084308
0 0.583778 0.766280 0.027434 0.042436
