0 0.382979 0.855684 0.043882 0.060667
0 0.210362 0.364400 0.043883 0.047087
0 0.250929 0.735142 0.045006 0.058920
0 0.379882 0.137632 0.036023 0.057660
0 0.153479 0.879242 0.038015 0.047726
0 0.459842 0.919028 0.042499 0.058695
0 0.501082 0.120427 0.041629 0.060255
0 0.261646 0.673565 0.044713 0.050784
0 0.400111 0.356851 0.028526 0.074138
0 0.452300 0.753415 0.040541 0.063164
0 0.250762 0.067173 0.019654 0.085604
0 0.568421 0.319619 0.033903 0.069881
0 0.199415 0.538871 0.058471 0.059399
0 0.138242 0.714885 0.034395 0.077743
0 0.136277 0.781272 0.032429 0.088225
0 0.612151 0.861198 0.043730 0.066387
