0 0.254049 0.068762 0.033527 0.094715
0 0.481309 0.351960 0.041083 0.055521
0 0.211415 0.362438 0.044943 0.049784
0 0.250026 0.731642 0.044127 0.054890
0 0.382002 0.856347 0.043953 0.059556
0 0.381741 0.137701 0.038397 0.058897
0 0.458283 0.919493 0.042814 0.060208
0 0.261389 0.671543 0.045896 0.049260
0 0.579909 0.418292 0.035629 0.080236
0 0.505806 0.184963 0.024940 0.057230
0 0.401023 0.357753 0.029647 0.072711
0 0.151051 0.874028 0.037022 0.042868
0 0.568175 0.142732 0.036360 0.051537
0 0.635982 0.855957 0.042256 0.048917
0 0.223983 0.971261 0.046678 0.052411
0 0.262800 0.977948 0.046678 0.041326
