0 0.382898 0.855707 0.044453 0.060982
0 0.210963 0.364428 0.044664 0.047657
0 0.501468 0.120846 0.042461 0.061719
0 0.153878 0.878156 0.037501 0.046950
0 0.250523 0.735141 0.044984 0.059445
0 0.380132 0.137893 0.035955 0.057367
0 0.565017 0.322638 0.043851 0.082170
0 0.459507 0.918865 0.042038 0.059421
0 0.260436 0.672882 0.043689 0.051243
0 0.400377 0.357738 0.028051 0.074046
0 0.451453 0.757595 0.040431 0.065441
0 0.203837 0.540182 0.054540 0.044549
0 0.253710 0.064990 0.021619 0.082984
0 0.637210 0.344078 0.028007 0.069881
0 0.609940 0.857268 0.047170 0.067261
0 0.139962 0.713138 0.033903 0.086478
0 0.135785 0.788260 0.038325 0.075996
