0 0.308630 0.133192 0.041244 0.079776
0 0.235658 0.524863 0.035606 0.086554
0 0.384951 0.181833 0.032846 0.084956
0 0.227967 0.280126 0.045476 0.069074
0 0.363812 0.064977 0.033378 0.075469
0 0.481611 0.352741 0.040866 0.057229
0 0.163797 0.241639 0.046844 0.072353
0 0.580867 0.414062 0.037683 0.073849
0 0.128505 0.769798 0.044947 0.065354
0 0.414757 0.130506 0.028242 0.069966
0 0.449339 0.285869 0.046375 0.057227
0 0.216102 0.835716 0.045081 0.054975
0 0.228711 0.975567 0.057821 0.046088
0 0.152093 0.873347 0.036178 0.048168
0 0.259662 0.973547 0.043686 0.050128
