0 0.309035 0.133488 0.040671 0.077854
0 0.363946 0.065705 0.033636 0.075644
0 0.607550 0.183596 0.032398 0.069714
0 0.384949 0.179941 0.032884 0.081900
0 0.460629 0.849000 0.045181 0.055522
0 0.580118 0.414151 0.040285 0.080529
0 0.227629 0.698823 0.041299 0.069542
0 0.374667 0.839896 0.045705 0.055944
0 0.209392 0.418158 0.041505 0.080559
0 0.564393 0.172055 0.026209 0.079239
0 0.272684 0.964477 0.028517 0.067508
0 0.414729 0.130822 0.027994 0.069786
0 0.473639 0.298105 0.043711 0.056256
0 0.293947 0.063776 0.035240 0.084013
0 0.167380 0.246562 0.039551 0.063902
0 0.583754 0.766030 0.026334 0.041636
