0 0.501390 0.120526 0.044348 0.062153
0 0.250222 0.735782 0.045493 0.060668
0 0.538857 0.186963 0.048918 0.065881
0 0.153883 0.878596 0.037712 0.046565
0 0.260226 0.672559 0.043415 0.051173
0 0.379797 0.137932 0.037614 0.060110
0 0.619994 0.118003 0.051231 0.062543
0 0.551377 0.309824 0.042738 0.074507
0 0.455363 0.750000 0.029454 0.059469
0 0.429368 0.918414 0.024076 0.086478
0 0.597165 0.865566 0.021619 0.082110
0 0.135540 0.783892 0.029972 0.084731
0 0.637456 0.343204 0.023585 0.080363
0 0.253710 0.068920 0.025550 0.075122
0 0.382888 0.269054 0.045761 0.047634
