0 0.253340 0.069080 0.034221 0.094963
0 0.490890 0.823075 0.034058 0.081950
0 0.381600 0.134948 0.034725 0.056831
0 0.128749 0.770357 0.044719 0.064780
0 0.580921 0.416026 0.038044 0.078579
0 0.566386 0.140975 0.038165 0.055260
0 0.215212 0.836665 0.042715 0.058787
0 0.482478 0.351033 0.038182 0.058140
0 0.211687 0.361878 0.044691 0.054194
0 0.387043 0.863743 0.031551 0.081564
0 0.229183 0.975450 0.058560 0.046322
0 0.152513 0.873146 0.036181 0.048020
0 0.517151 0.103555 0.026680 0.070295
0 0.257682 0.974401 0.042863 0.048421
0 0.453063 0.347111 0.021519 0.072633
0 0.464602 0.938706 0.019648 0.069306
0 0.487369 0.943696 0.024638 0.075959
