0 0.252914 0.068615 0.033874 0.094153
0 0.490814 0.822885 0.034603 0.083336
0 0.211728 0.362469 0.045738 0.059335
0 0.381468 0.133895 0.034174 0.057513
0 0.128648 0.769860 0.044568 0.065720
0 0.566415 0.141374 0.037834 0.055106
0 0.580645 0.414878 0.038140 0.076107
0 0.215916 0.835648 0.044241 0.056457
0 0.386563 0.865172 0.030731 0.081366
0 0.480253 0.351637 0.040446 0.059507
0 0.226918 0.975450 0.054325 0.046322
0 0.463393 0.935367 0.022816 0.076854
0 0.517105 0.100609 0.026622 0.063569
0 0.152487 0.873017 0.035691 0.046861
0 0.633602 0.851746 0.040066 0.048190
0 0.259588 0.974069 0.042444 0.049083
0 0.451971 0.347111 0.024326 0.090375
0 0.486745 0.945082 0.020272 0.072078
