0 0.480404 0.351596 0.040147 0.055033
0 0.382002 0.856065 0.043492 0.060688
0 0.381184 0.137419 0.036118 0.058040
0 0.211708 0.363456 0.043473 0.046458
0 0.579686 0.416809 0.039952 0.085049
0 0.249628 0.734018 0.044529 0.059108
0 0.458703 0.919805 0.042959 0.060813
0 0.260003 0.670398 0.043726 0.050778
0 0.151517 0.877096 0.037462 0.045023
0 0.184957 0.847631 0.043383 0.053293
0 0.505168 0.184080 0.024867 0.055735
0 0.400581 0.356595 0.029408 0.073034
0 0.254447 0.066737 0.025059 0.089972
0 0.569895 0.142732 0.040782 0.060273
0 0.634753 0.845912 0.043730 0.069008
0 0.136522 0.712264 0.028990 0.077743
0 0.137014 0.786076 0.034886 0.071628
