0 0.382861 0.855481 0.043951 0.059637
0 0.501452 0.120753 0.041258 0.060838
0 0.210477 0.364590 0.043691 0.046305
0 0.250310 0.735636 0.045084 0.058759
0 0.380386 0.137746 0.035445 0.056356
0 0.563809 0.320956 0.043085 0.078842
0 0.154141 0.878399 0.037513 0.046777
0 0.459769 0.918770 0.042360 0.058969
0 0.260759 0.673760 0.042468 0.050826
0 0.399760 0.357507 0.029830 0.075982
0 0.451997 0.757369 0.036988 0.070886
0 0.250270 0.067173 0.015723 0.087352
0 0.636473 0.344514 0.026533 0.065514
0 0.612888 0.859015 0.046187 0.062020
0 0.139225 0.714011 0.033412 0.077743
0 0.198924 0.536251 0.053557 0.052411
0 0.137996 0.789133 0.043730 0.067261
