0 0.200416 0.174195 0.034386 0.094228
0 0.309041 0.133487 0.040948 0.080544
0 0.460792 0.848376 0.045758 0.055698
0 0.385329 0.179978 0.032385 0.083145
0 0.227180 0.280243 0.047400 0.068209
0 0.364165 0.065294 0.034456 0.075459
0 0.481311 0.353285 0.040037 0.057065
0 0.374671 0.839938 0.046013 0.056161
0 0.580390 0.414034 0.037888 0.074254
0 0.449499 0.286668 0.046223 0.057375
0 0.414809 0.130393 0.027702 0.070263
0 0.163655 0.242777 0.046385 0.070731
0 0.177757 0.837735 0.039415 0.067116
0 0.227481 0.975903 0.055056 0.045416
0 0.583674 0.767080 0.026940 0.043561
0 0.258065 0.974687 0.039674 0.047847
