0 0.254529 0.069798 0.033505 0.095209
0 0.481221 0.352166 0.041075 0.054260
0 0.382234 0.857150 0.043884 0.060843
0 0.381876 0.137618 0.038401 0.058098
0 0.211045 0.362953 0.047541 0.054046
0 0.249617 0.734997 0.045634 0.059352
0 0.458831 0.919786 0.042719 0.058870
0 0.262199 0.672625 0.047396 0.052428
0 0.580917 0.414742 0.034570 0.075111
0 0.185391 0.847381 0.044426 0.055278
0 0.505171 0.184882 0.024900 0.055831
0 0.150427 0.876710 0.038564 0.046556
0 0.401843 0.358237 0.027680 0.072532
0 0.571369 0.146663 0.035869 0.048917
0 0.634999 0.852900 0.039308 0.062020
0 0.134409 0.780317 0.020833 0.069892
0 0.139449 0.712216 0.024194 0.066308
