0 0.308711 0.133219 0.041954 0.080190
0 0.235788 0.523123 0.035136 0.087281
0 0.363933 0.064030 0.033937 0.076358
0 0.385061 0.181202 0.031679 0.083000
0 0.128482 0.770393 0.045148 0.065395
0 0.414703 0.130324 0.028513 0.070148
0 0.400163 0.790690 0.033690 0.088317
0 0.215719 0.836334 0.043992 0.057132
0 0.229104 0.975224 0.059076 0.046775
0 0.152797 0.872997 0.035977 0.047819
0 0.257993 0.974354 0.042577 0.048514
0 0.348815 0.804191 0.034364 0.066380
0 0.582179 0.767382 0.026509 0.037148
0 0.463043 0.939260 0.020896 0.069306
0 0.486122 0.942033 0.023391 0.069306
