0 0.539001 0.186655 0.048989 0.067302
0 0.210567 0.364375 0.043918 0.047533
0 0.250214 0.735329 0.044310 0.058290
0 0.501045 0.120454 0.042650 0.060201
0 0.380055 0.138089 0.036608 0.057771
0 0.261590 0.673800 0.045007 0.051156
0 0.153490 0.879655 0.037551 0.047118
0 0.619844 0.118213 0.051156 0.060631
0 0.550163 0.308482 0.043482 0.074058
0 0.400176 0.356612 0.030588 0.074370
0 0.251253 0.067173 0.029481 0.082110
0 0.199415 0.542802 0.054540 0.058526
0 0.140453 0.714448 0.032921 0.078616
0 0.137996 0.786513 0.028007 0.072502
0 0.634016 0.342767 0.019654 0.067261
