0 0.211081 0.364579 0.043437 0.047162
0 0.249699 0.735341 0.044933 0.059206
0 0.153664 0.878446 0.038121 0.047296
0 0.260342 0.672550 0.043987 0.050591
0 0.456622 0.752897 0.029422 0.057576
0 0.619379 0.118854 0.050242 0.060372
0 0.500354 0.117642 0.041226 0.051662
0 0.381467 0.135465 0.029224 0.051314
0 0.252481 0.068047 0.029972 0.083857
0 0.201626 0.538871 0.057980 0.047170
0 0.139470 0.714011 0.033903 0.069008
0 0.135540 0.789133 0.035869 0.075996
0 0.431088 0.920161 0.032429 0.093466
0 0.399898 0.359238 0.027999 0.074930
