0 0.382548 0.856108 0.044097 0.060058
0 0.210970 0.363748 0.044449 0.046580
0 0.380562 0.137539 0.035617 0.057803
0 0.250085 0.734892 0.044978 0.058972
0 0.459083 0.919590 0.041522 0.059294
0 0.152476 0.878082 0.038575 0.047775
0 0.259924 0.671521 0.043324 0.050583
0 0.400502 0.357965 0.028549 0.073077
0 0.455281 0.760473 0.037249 0.064989
0 0.566701 0.139238 0.038325 0.055031
0 0.198187 0.534067 0.048153 0.044549
0 0.142418 0.717942 0.035869 0.075122
0 0.136768 0.789570 0.031447 0.078616
0 0.607729 0.853337 0.039800 0.068134
0 0.251990 0.064990 0.024076 0.091719
