0 0.501234 0.121250 0.043815 0.062840
0 0.250054 0.735008 0.044821 0.058652
0 0.210979 0.363602 0.044314 0.046620
0 0.538814 0.186819 0.049025 0.066758
0 0.153465 0.878875 0.037672 0.048585
0 0.586476 0.770067 0.038056 0.084928
0 0.260473 0.673398 0.043492 0.051881
0 0.379923 0.137798 0.037169 0.059446
0 0.620414 0.118249 0.051893 0.062654
0 0.550783 0.307619 0.043902 0.074831
0 0.199661 0.537124 0.049135 0.052411
0 0.139962 0.716632 0.028990 0.081237
0 0.136277 0.790007 0.034395 0.081237
0 0.430842 0.919724 0.031938 0.092593
0 0.635490 0.341020 0.029481 0.072502
0 0.253218 0.065426 0.023585 0.085604
