0 0.308599 0.132879 0.042337 0.079915
0 0.236158 0.524134 0.035257 0.084000
0 0.363861 0.065590 0.033729 0.074964
0 0.384939 0.180287 0.031933 0.080911
0 0.227128 0.280773 0.047913 0.069500
0 0.481232 0.352566 0.040830 0.056367
0 0.458312 0.849341 0.045204 0.055047
0 0.164127 0.242298 0.047668 0.071024
0 0.580314 0.414064 0.037972 0.073732
0 0.415013 0.130689 0.028056 0.069886
0 0.449605 0.285720 0.045720 0.057128
0 0.584391 0.766878 0.025349 0.042667
0 0.223990 0.980441 0.041791 0.036341
0 0.262974 0.978777 0.039920 0.039668
