0 0.364053 0.065483 0.033991 0.077539
0 0.488801 0.350434 0.050957 0.061664
0 0.621085 0.379091 0.042912 0.071645
0 0.385536 0.180689 0.031774 0.085206
0 0.573640 0.304271 0.046127 0.059132
0 0.308882 0.131552 0.040257 0.076888
0 0.234188 0.643396 0.048542 0.058583
0 0.272815 0.964609 0.029146 0.068005
0 0.226017 0.697987 0.037134 0.060268
0 0.414937 0.129756 0.028370 0.070477
0 0.341380 0.178944 0.038026 0.077495
0 0.630848 0.069805 0.045692 0.055734
0 0.223536 0.974197 0.044694 0.045283
0 0.293623 0.064533 0.036982 0.086291
0 0.243298 0.566780 0.043548 0.061482
0 0.246985 0.543154 0.048674 0.063937
