0 0.250202 0.735809 0.045359 0.060714
0 0.538974 0.186899 0.048304 0.066089
0 0.210775 0.364375 0.045524 0.047909
0 0.501237 0.121308 0.043259 0.062214
0 0.260040 0.672155 0.044649 0.053385
0 0.379718 0.138280 0.037035 0.060142
0 0.153438 0.879234 0.039449 0.048961
0 0.455534 0.749853 0.030264 0.059486
0 0.550803 0.309177 0.044351 0.075259
0 0.620052 0.117965 0.051477 0.061956
0 0.135785 0.780398 0.027516 0.069008
0 0.139470 0.713574 0.025059 0.066387
0 0.432071 0.923218 0.029481 0.092593
0 0.596674 0.868623 0.027516 0.081237
0 0.635982 0.344514 0.025550 0.079490
0 0.252980 0.069418 0.019569 0.079747
