0 0.249672 0.721822 0.039470 0.044855
0 0.480910 0.351815 0.040591 0.056186
0 0.211368 0.362367 0.044478 0.049899
0 0.254537 0.068546 0.033493 0.097388
0 0.381657 0.137887 0.038583 0.059138
0 0.261030 0.670956 0.046591 0.049322
0 0.505594 0.185345 0.024642 0.057574
0 0.580569 0.415791 0.036155 0.075487
0 0.216441 0.833274 0.047483 0.058297
0 0.401555 0.358366 0.028953 0.072747
0 0.228423 0.764632 0.051272 0.047872
0 0.568421 0.141859 0.033903 0.055031
0 0.631805 0.850716 0.044713 0.054158
0 0.226440 0.976201 0.043730 0.044820
0 0.261817 0.977511 0.043730 0.042200
0 0.485887 0.944892 0.020161 0.078853
