0 0.364409 0.064827 0.034107 0.074703
0 0.309148 0.131280 0.040653 0.076725
0 0.385509 0.181857 0.033084 0.086625
0 0.233974 0.642871 0.049151 0.056689
0 0.484420 0.323668 0.048371 0.058510
0 0.414882 0.130049 0.028195 0.070252
0 0.226397 0.698547 0.037346 0.061642
0 0.272728 0.965167 0.028968 0.066889
0 0.341432 0.179258 0.038708 0.078370
0 0.224919 0.974034 0.043974 0.043338
0 0.293685 0.064799 0.036791 0.085773
0 0.630878 0.069359 0.047173 0.056227
0 0.240723 0.565911 0.040275 0.060223
0 0.585762 0.766557 0.022770 0.044776
0 0.246969 0.540027 0.048478 0.061866
