0 0.538982 0.186521 0.048432 0.065424
0 0.500706 0.120925 0.043504 0.062600
0 0.211402 0.364664 0.047397 0.053578
0 0.379325 0.138956 0.036851 0.061484
0 0.619638 0.118627 0.050335 0.060948
0 0.455393 0.750052 0.030147 0.057908
0 0.369669 0.277254 0.030464 0.074249
0 0.253218 0.069794 0.021619 0.080363
0 0.573089 0.825384 0.022602 0.082110
0 0.598148 0.860762 0.020637 0.075996
0 0.428877 0.917540 0.023094 0.084731
0 0.140453 0.714885 0.035869 0.079490
0 0.635982 0.341020 0.025550 0.062020
0 0.436247 0.298655 0.046678 0.083857
0 0.135567 0.785003 0.023784 0.054057
