0 0.308571 0.133031 0.041659 0.079968
0 0.235315 0.523023 0.036095 0.088201
0 0.385269 0.180334 0.031727 0.081250
0 0.364221 0.064895 0.034341 0.076346
0 0.480851 0.352009 0.041558 0.058712
0 0.580433 0.414957 0.037995 0.076780
0 0.128729 0.769959 0.044664 0.064919
0 0.414580 0.130490 0.027711 0.069558
0 0.215269 0.836427 0.043130 0.057464
0 0.228038 0.975361 0.056124 0.046501
0 0.400152 0.789789 0.033413 0.086378
0 0.152715 0.873761 0.036219 0.047173
0 0.348554 0.805995 0.034763 0.068344
0 0.259804 0.975200 0.042760 0.046821
0 0.466161 0.943419 0.017153 0.064316
0 0.488928 0.950904 0.020272 0.049346
