0 0.253291 0.068287 0.033519 0.094343
0 0.491280 0.822821 0.034943 0.084330
0 0.381369 0.134901 0.034613 0.057381
0 0.211446 0.362610 0.046214 0.060366
0 0.128631 0.769795 0.044919 0.065554
0 0.580854 0.415898 0.037802 0.076606
0 0.566608 0.141108 0.038045 0.054298
0 0.215282 0.836710 0.043377 0.057714
0 0.386603 0.865332 0.030588 0.081799
0 0.480780 0.351798 0.039467 0.059772
0 0.517490 0.103824 0.030171 0.070124
0 0.152831 0.873364 0.036493 0.048518
0 0.226156 0.976158 0.052871 0.044906
0 0.633673 0.852076 0.040804 0.049456
0 0.463808 0.934437 0.023402 0.076104
0 0.259498 0.974241 0.042140 0.048740
0 0.485498 0.940369 0.016529 0.063761
0 0.454778 0.344339 0.024326 0.070415
