0 0.480365 0.351822 0.040195 0.054973
0 0.382050 0.855865 0.044123 0.059636
0 0.381502 0.137494 0.036536 0.059049
0 0.211335 0.362815 0.045062 0.049609
0 0.579722 0.415891 0.038716 0.081479
0 0.250796 0.734147 0.045730 0.058320
0 0.458750 0.919915 0.041510 0.061237
0 0.185603 0.848441 0.044886 0.056095
0 0.262195 0.673109 0.044528 0.047974
0 0.505295 0.183555 0.024100 0.055483
0 0.151107 0.878013 0.038581 0.046842
0 0.400983 0.357237 0.028774 0.071452
0 0.255429 0.068920 0.026042 0.078616
0 0.567929 0.137928 0.034886 0.052411
0 0.137259 0.710080 0.032429 0.078616
0 0.135294 0.793064 0.032429 0.082110
0 0.633771 0.848969 0.052575 0.059399
