0 0.500993 0.121046 0.043101 0.062133
0 0.538851 0.186481 0.048524 0.065551
0 0.153829 0.879459 0.037684 0.048686
0 0.379668 0.137937 0.035781 0.057126
0 0.619766 0.118579 0.049021 0.062712
0 0.635387 0.340667 0.029404 0.071409
0 0.140699 0.718379 0.031447 0.075996
0 0.135785 0.792191 0.022602 0.066387
0 0.433053 0.917540 0.026533 0.084731
0 0.572597 0.828442 0.024568 0.088225
0 0.598393 0.859015 0.028007 0.082984
0 0.250270 0.066737 0.022602 0.089972
0 0.435019 0.300839 0.041274 0.074249
0 0.454673 0.757250 0.032429 0.061146
