0 0.460674 0.848619 0.046160 0.056394
0 0.309075 0.133067 0.040875 0.078277
0 0.364346 0.064975 0.033739 0.075608
0 0.385272 0.181721 0.033104 0.084999
0 0.374241 0.839504 0.046327 0.056897
0 0.620922 0.379406 0.044037 0.072193
0 0.233625 0.643388 0.048099 0.056185
0 0.414927 0.130399 0.027885 0.069642
0 0.273049 0.964950 0.029231 0.067323
0 0.226445 0.697135 0.037895 0.059736
0 0.474068 0.297726 0.042933 0.056901
0 0.223961 0.974314 0.046562 0.044209
0 0.241094 0.564293 0.040095 0.063931
0 0.295159 0.059653 0.033720 0.074512
0 0.246770 0.538819 0.048466 0.060955
0 0.585209 0.767022 0.023849 0.042586
