0 0.308981 0.133259 0.040513 0.078264
0 0.608015 0.183879 0.033086 0.070121
0 0.364001 0.065777 0.033465 0.075668
0 0.460746 0.848865 0.045256 0.055537
0 0.580407 0.415093 0.040045 0.080635
0 0.384840 0.180479 0.033063 0.084564
0 0.227249 0.699334 0.040979 0.070387
0 0.209358 0.419183 0.040450 0.078059
0 0.162971 0.241323 0.047996 0.073866
0 0.223494 0.292877 0.049068 0.061695
0 0.374707 0.839555 0.045604 0.054940
0 0.564630 0.172031 0.025377 0.079807
0 0.414623 0.130648 0.027509 0.068844
0 0.474257 0.296138 0.043513 0.053629
0 0.293738 0.064072 0.034984 0.082772
0 0.263674 0.968406 0.041138 0.058005
0 0.581712 0.764610 0.023703 0.043801
