0 0.480075 0.351624 0.039906 0.054651
0 0.382721 0.856801 0.044514 0.060710
0 0.380802 0.137666 0.036248 0.058412
0 0.211031 0.363775 0.045164 0.047882
0 0.152527 0.878115 0.037635 0.046893
0 0.250615 0.734800 0.046431 0.060216
0 0.579307 0.413833 0.039638 0.078831
0 0.261815 0.673366 0.045349 0.051053
0 0.459012 0.919522 0.041806 0.057984
0 0.400970 0.357021 0.029325 0.072862
0 0.252973 0.066737 0.023094 0.082984
0 0.565227 0.141859 0.030464 0.051537
0 0.204083 0.540182 0.056997 0.046296
0 0.140944 0.716195 0.025059 0.078616
0 0.138488 0.791754 0.046678 0.081237
0 0.607975 0.857704 0.038325 0.071628
0 0.459095 0.754630 0.029481 0.062893
