0 0.252622 0.068522 0.034097 0.094685
0 0.381146 0.136851 0.034744 0.059238
0 0.490944 0.823109 0.034708 0.083292
0 0.480727 0.352182 0.041698 0.059452
0 0.211825 0.361918 0.046298 0.058350
0 0.400106 0.357104 0.034481 0.078764
0 0.580418 0.415935 0.038354 0.076096
0 0.566394 0.140943 0.036876 0.055549
0 0.506540 0.184623 0.030025 0.061024
0 0.385739 0.867285 0.029502 0.076713
0 0.224765 0.976075 0.049461 0.045072
0 0.634011 0.851640 0.040921 0.049004
0 0.464364 0.935468 0.023198 0.076190
0 0.259310 0.975330 0.040912 0.046563
0 0.484067 0.941795 0.024328 0.078582
