0 0.382297 0.856670 0.044016 0.060423
0 0.480939 0.352445 0.040516 0.054804
0 0.458766 0.919720 0.042837 0.059755
0 0.249590 0.734655 0.044796 0.059607
0 0.382539 0.137453 0.036695 0.055246
0 0.261608 0.672079 0.046586 0.052865
0 0.505123 0.184636 0.024518 0.057083
0 0.150710 0.876422 0.037387 0.046253
0 0.401324 0.357815 0.029514 0.071781
0 0.185659 0.847103 0.043160 0.054467
0 0.581012 0.411886 0.034481 0.069904
0 0.566455 0.144043 0.040782 0.064640
0 0.636227 0.852900 0.048644 0.055031
0 0.139716 0.711391 0.028498 0.074249
0 0.137505 0.784329 0.035869 0.068134
