0 0.538883 0.186503 0.048372 0.065152
0 0.501314 0.121026 0.044144 0.063317
0 0.211380 0.366257 0.049569 0.059560
0 0.379528 0.138877 0.037483 0.060120
0 0.620106 0.118087 0.049616 0.062569
0 0.575996 0.832276 0.034092 0.099557
0 0.153862 0.880229 0.037981 0.049162
0 0.591671 0.589884 0.032209 0.081241
0 0.596481 0.863789 0.029037 0.080743
0 0.457403 0.748721 0.032632 0.060874
0 0.252236 0.068920 0.018671 0.083857
0 0.366721 0.276380 0.020637 0.077743
0 0.435510 0.297781 0.038325 0.073375
0 0.636964 0.342331 0.020637 0.061146
0 0.429368 0.921034 0.025059 0.086478
