0 0.538758 0.186670 0.048967 0.065752
0 0.501238 0.120218 0.044983 0.063082
0 0.211406 0.364901 0.047727 0.056245
0 0.592196 0.589543 0.032922 0.078678
0 0.619922 0.118171 0.050153 0.063768
0 0.379644 0.139032 0.037203 0.061677
0 0.576813 0.832115 0.036181 0.098223
0 0.455807 0.754976 0.027391 0.061629
0 0.473158 0.940994 0.040528 0.044083
0 0.201830 0.930844 0.034163 0.045380
0 0.597165 0.857268 0.017689 0.077743
0 0.635982 0.344951 0.021619 0.068134
0 0.436001 0.293414 0.037343 0.078616
0 0.369915 0.277690 0.024076 0.076869
0 0.251499 0.069794 0.028007 0.085604
