0 0.250414 0.735024 0.045408 0.058997
0 0.210828 0.363805 0.044044 0.046896
0 0.539020 0.186737 0.049465 0.068235
0 0.501351 0.121090 0.043710 0.062756
0 0.153645 0.878520 0.037236 0.047750
0 0.260086 0.672596 0.042515 0.050611
0 0.380003 0.137680 0.036927 0.060059
0 0.455557 0.750167 0.028109 0.058484
0 0.620498 0.117960 0.051911 0.062426
0 0.551464 0.309509 0.041835 0.075924
0 0.251908 0.062592 0.032103 0.087778
0 0.198924 0.535377 0.051592 0.055905
0 0.136768 0.712264 0.036360 0.067261
0 0.137259 0.787823 0.023585 0.071628
0 0.431825 0.918850 0.031938 0.083857
0 0.639176 0.335779 0.028007 0.055031
